star_age,star_mass,star_mdot,log_Teff,log_R,log_surf_z,surface_h1,surface_he3,log_center_T,log_center_Rho,phase,x
2.63376217e+03,4.49999969e-01,-1.00488180e-11,3.63806018,8.46272309e-01,-2.84509847,7.47426481e-01,4.16806617e-05,5.71511601,-1.85780321,-1,-1.0
2.78312938e+03,4.49999968e-01,-9.88394600e-12,3.63818926,8.43707292e-01,-2.84509847,7.47426481e-01,4.16806618e-05,5.71750718,-1.85066700,-1,-0.9999988750899016
2.94102283e+03,4.49999966e-01,-9.71533101e-12,3.63832234,8.41041639e-01,-2.84509847,7.47426481e-01,4.16806619e-05,5.71999287,-1.84324920,-1,-0.9999976859672262
3.10782423e+03,4.49999965e-01,-9.54407030e-12,3.63845952,8.38274938e-01,-2.84509847,7.47426481e-01,4.16806620e-05,5.72257335,-1.83554750,-1,-0.9999964297572502
3.28393392e+03,4.49999963e-01,-9.36922349e-12,3.63859933,8.35406182e-01,-2.84509847,7.47426481e-01,4.16806621e-05,5.72524987,-1.82755899,-1,-0.9999951034449445
3.46974257e+03,4.49999961e-01,-9.19102510e-12,3.63874210,8.32435052e-01,-2.84509847,7.47426481e-01,4.16806623e-05,5.72802276,-1.81928119,-1,-0.999993704088106
3.66565652e+03,4.49999960e-01,-9.00983864e-12,3.63891578,8.29360312e-01,-2.84509847,7.47426481e-01,4.16806625e-05,5.73089296,-1.81071186,-1,-0.9999922286265186
3.87296979e+03,4.49999958e-01,-8.82796076e-12,3.63907349,8.26173625e-01,-2.84509847,7.47426481e-01,4.16806627e-05,5.73386884,-1.80182724,-1,-0.9999906673146955
4.09232576e+03,4.49999956e-01,-8.64150545e-12,3.63924151,8.22874247e-01,-2.84509847,7.47426481e-01,4.16806630e-05,5.73695121,-1.79262426,-1,-0.9999890153072315
4.32330619e+03,4.49999954e-01,-8.45270636e-12,3.63940576,8.19470512e-01,-2.84509847,7.47426481e-01,4.16806634e-05,5.74013222,-1.78312468,-1,-0.9999872757539638
4.56771639e+03,4.49999952e-01,-8.26337777e-12,3.63956711,8.15951576e-01,-2.84509847,7.47426481e-01,4.16806638e-05,5.74342213,-1.77329934,-1,-0.999985435058793
4.82553383e+03,4.49999950e-01,-8.07157584e-12,3.63973108,8.12323850e-01,-2.84509847,7.47426481e-01,4.16806643e-05,5.74681479,-1.76316593,-1,-0.9999834933913962
5.09808812e+03,4.49999948e-01,-7.87778286e-12,3.63989799,8.08580786e-01,-2.84509847,7.47426481e-01,4.16806649e-05,5.75031660,-1.75270554,-1,-0.9999814407382526
5.38590956e+03,4.49999945e-01,-7.68277354e-12,3.64006936,8.04725269e-01,-2.84509847,7.47426481e-01,4.16806657e-05,5.75392476,-1.74192533,-1,-0.9999792731055814
5.68970616e+03,4.49999943e-01,-7.48745196e-12,3.64025351,8.00756402e-01,-2.84509847,7.47426481e-01,4.16806666e-05,5.75764027,-1.73082395,-1,-0.9999769851612381
6.01080110e+03,4.49999941e-01,-7.29173807e-12,3.64045611,7.96671030e-01,-2.84509847,7.47426481e-01,4.16806677e-05,5.76146643,-1.71939010,-1,-0.9999745669401269
6.34951288e+03,4.49999938e-01,-7.09617973e-12,3.64063518,7.92474711e-01,-2.84509847,7.47426481e-01,4.16806691e-05,5.76539813,-1.70764094,-1,-0.9999720160435696
6.70689183e+03,4.49999936e-01,-6.89952765e-12,3.64081089,7.88166594e-01,-2.84509847,7.47426481e-01,4.16806709e-05,5.76943614,-1.69557297,-1,-0.9999693245613507
7.08473397e+03,4.49999933e-01,-6.70384252e-12,3.64102124,7.83740966e-01,-2.84509847,7.47426481e-01,4.16806730e-05,5.77358636,-1.68316977,-1,-0.9999664789673351
7.48377650e+03,4.49999931e-01,-6.50829067e-12,3.64120523,7.79203046e-01,-2.84509847,7.47426481e-01,4.16806758e-05,5.77784395,-1.67044446,-1,-0.9999634737095434
7.90491284e+03,4.49999928e-01,-6.31380596e-12,3.64139395,7.74554495e-01,-2.84509847,7.47426481e-01,4.16806792e-05,5.78220733,-1.65740258,-1,-0.9999603020594761
8.34939614e+03,4.49999925e-01,-6.11986014e-12,3.64157766,7.69796288e-01,-2.84509847,7.47426481e-01,4.16806835e-05,5.78667590,-1.64404346,-1,-0.9999569545794452
8.81862751e+03,4.49999923e-01,-5.92776892e-12,3.64175758,7.64932000e-01,-2.84509847,7.47426481e-01,4.16806889e-05,5.79114665,-1.63054871,-1,-0.9999534207174511
9.31390966e+03,4.49999920e-01,-5.73714228e-12,3.64193626,7.59959593e-01,-2.84509847,7.47426481e-01,4.16806958e-05,5.79580609,-1.61659945,-1,-0.9999496906625609
9.83666923e+03,4.49999917e-01,-5.54849866e-12,3.64211310,7.54882085e-01,-2.84509847,7.47426481e-01,4.16807046e-05,5.80056229,-1.60235148,-1,-0.9999457536705041
1.03884776e+04,4.49999914e-01,-5.36328756e-12,3.64232457,7.49697309e-01,-2.84509847,7.47426481e-01,4.16807159e-05,5.80543116,-1.58777639,-1,-0.999941597906948
1.09709182e+04,4.49999911e-01,-5.17958117e-12,3.64250237,7.44411969e-01,-2.84509847,7.47426481e-01,4.16807303e-05,5.81040037,-1.57290296,-1,-0.9999372114468096
1.15858226e+04,4.49999908e-01,-4.99809620e-12,3.64267590,7.39026315e-01,-2.84509847,7.47426481e-01,4.16807488e-05,5.81546943,-1.55773282,-1,-0.9999325804962207
1.22352064e+04,4.49999905e-01,-4.82021667e-12,3.64288152,7.33540456e-01,-2.84509847,7.47426481e-01,4.16807728e-05,5.82063841,-1.54226243,-1,-0.9999276898753519
1.29199644e+04,4.49999901e-01,-4.64728564e-12,3.64307871,7.27959232e-01,-2.84509847,7.47426481e-01,4.16808037e-05,5.82589839,-1.52651951,-1,-0.9999225328453106
1.36431443e+04,4.49999898e-01,-4.47611537e-12,3.64324994,7.22284016e-01,-2.84509847,7.47426481e-01,4.16808440e-05,5.83125186,-1.51049803,-1,-0.999917086453345
1.44058886e+04,4.49999895e-01,-4.30802953e-12,3.64341402,7.16519681e-01,-2.84509847,7.47426481e-01,4.16808963e-05,5.83669184,-1.49421733,-1,-0.9999113420950916
1.52110991e+04,4.49999891e-01,-4.14337008e-12,3.64357165,7.10667326e-01,-2.84509847,7.47426481e-01,4.16809646e-05,5.84221787,-1.47767873,-1,-0.9999052779165963
1.60606456e+04,4.49999888e-01,-3.98282538e-12,3.64375624,7.04727378e-01,-2.84509847,7.47426481e-01,4.16810538e-05,5.84782979,-1.46088062,-1,-0.9998988798360745
1.69575837e+04,4.49999885e-01,-3.82657217e-12,3.64391923,6.98704550e-01,-2.84509847,7.47426481e-01,4.16811711e-05,5.85352235,-1.44384025,-1,-0.999892124841278
1.79034542e+04,4.49999881e-01,-3.67421394e-12,3.64408173,6.92601344e-01,-2.84509847,7.47426481e-01,4.16813247e-05,5.85929380,-1.42655984,-1,-0.9998850013281775
1.89023551e+04,4.49999877e-01,-3.52567248e-12,3.64423239,6.86419250e-01,-2.84509847,7.47426481e-01,4.16815279e-05,5.86514364,-1.40903992,-1,-0.9998774784340315
1.99548254e+04,4.49999874e-01,-3.38045222e-12,3.64436627,6.80164782e-01,-2.84509847,7.47426481e-01,4.16817941e-05,5.87106594,-1.39130336,-1,-0.9998695520995388
2.10672174e+04,4.49999870e-01,-3.23991918e-12,3.64450259,6.73835851e-01,-2.84509847,7.47426481e-01,4.16821489e-05,5.87706290,-1.37334154,-1,-0.9998611744844372
2.22402274e+04,4.49999867e-01,-3.10387595e-12,3.64464328,6.67438211e-01,-2.84509847,7.47426481e-01,4.16826175e-05,5.88312868,-1.35516955,-1,-0.9998523403447722
2.34771688e+04,4.49999863e-01,-2.97189717e-12,3.64477421,6.60975518e-01,-2.84509847,7.47426481e-01,4.16832371e-05,5.88925945,-1.33680236,-1,-0.9998430247267596
2.47831347e+04,4.49999859e-01,-2.84395485e-12,3.64488284,6.54451089e-01,-2.84509847,7.47426480e-01,4.16840635e-05,5.89545170,-1.31825089,-1,-0.9998331892733889
2.61610552e+04,4.49999855e-01,-2.72016939e-12,3.64498583,6.47868307e-01,-2.84509847,7.47426480e-01,4.16851634e-05,5.90170214,-1.29952548,-1,-0.9998228119175742
2.76145702e+04,4.49999851e-01,-2.60083359e-12,3.64509986,6.41227950e-01,-2.84509847,7.47426479e-01,4.16866258e-05,5.90801022,-1.28062401,-1,-0.9998118652466036
2.91481504e+04,4.49999848e-01,-2.48546515e-12,3.64520577,6.34534956e-01,-2.84509847,7.47426479e-01,4.16885755e-05,5.91437205,-1.26155884,-1,-0.9998003155908681
3.07661608e+04,4.49999844e-01,-2.37452088e-12,3.64528734,6.27793857e-01,-2.84509847,7.47426478e-01,4.16911792e-05,5.92078339,-1.24234218,-1,-0.9997881300768034
3.24727854e+04,4.49999840e-01,-2.26714141e-12,3.64534998,6.21009576e-01,-2.84509847,7.47426477e-01,4.16946535e-05,5.92723978,-1.22299116,-1,-0.9997752771939873
3.42741453e+04,4.49999836e-01,-2.16372196e-12,3.64544208,6.14182539e-01,-2.84509847,7.47426475e-01,4.16992990e-05,5.93374022,-1.20350346,-1,-0.999761710843365
3.61742478e+04,4.49999832e-01,-2.06515458e-12,3.64549136,6.07322028e-01,-2.84509847,7.47426473e-01,4.17055111e-05,5.94027609,-1.18390979,-1,-0.9997474008452721
3.81787984e+04,4.49999828e-01,-1.96991461e-12,3.64552677,6.00433759e-01,-2.84509847,7.47426470e-01,4.17138156e-05,5.94684204,-1.16422667,-1,-0.9997323042306091
4.02941837e+04,4.49999824e-01,-1.87877718e-12,3.64557402,5.93520329e-01,-2.84509847,7.47426467e-01,4.17249181e-05,5.95343609,-1.14445553,-1,-0.9997163729007947
4.25255848e+04,4.49999820e-01,-1.79127066e-12,3.64558407,5.86594937e-01,-2.84509847,7.47426462e-01,4.17397548e-05,5.96004581,-1.12463510,-1,-0.9996995678360757
4.48803315e+04,4.49999816e-01,-1.70743926e-12,3.64557802,5.79664794e-01,-2.84509847,7.47426455e-01,4.17595872e-05,5.96666363,-1.10478818,-1,-0.9996818338344701
4.73655475e+04,4.49999812e-01,-1.62746741e-12,3.64557381,5.72739783e-01,-2.84509847,7.47426446e-01,4.17860526e-05,5.97327956,-1.08494590,-1,-0.9996631172461702
4.99888503e+04,4.49999807e-01,-1.55161284e-12,3.64557600,5.65833027e-01,-2.84509847,7.47426435e-01,4.18213164e-05,5.97988074,-1.06514744,-1,-0.999643360702476
5.27570289e+04,4.49999803e-01,-1.47933293e-12,3.64554230,5.58965169e-01,-2.84509847,7.47426419e-01,4.18681788e-05,5.98644733,-1.04545104,-1,-0.999622513074263
5.56792307e+04,4.49999799e-01,-1.41059293e-12,3.64549356,5.52156565e-01,-2.84509847,7.47426398e-01,4.19302845e-05,5.99296067,-1.02590856,-1,-0.9996005054708917
5.87645114e+04,4.49999795e-01,-1.34569772e-12,3.64542629,5.45432649e-01,-2.84509847,7.47426371e-01,4.20122541e-05,5.99939669,-1.00659821,-1,-0.999577269692331
6.20242638e+04,4.49999791e-01,-1.28505485e-12,3.64538114,5.38820325e-01,-2.84509847,7.47426335e-01,4.21199840e-05,6.00572963,-9.87597086e-01,-1,-0.9995527199374483
6.54666256e+04,4.49999786e-01,-1.22790534e-12,3.64529492,5.32362168e-01,-2.84509847,7.47426288e-01,4.22604705e-05,6.01191792,-9.69030975e-01,-1,-0.9995267949198281
6.91035779e+04,4.49999782e-01,-1.17469660e-12,3.64519862,5.26096936e-01,-2.84509847,7.47426228e-01,4.24420753e-05,6.01792392,-9.51010774e-01,-1,-0.9994994044077496
7.29516599e+04,4.49999778e-01,-1.12589564e-12,3.64513379,5.20067933e-01,-2.84509847,7.47426150e-01,4.26752868e-05,6.02370590,-9.33664011e-01,-1,-0.9994704238416587
7.70220886e+04,4.49999773e-01,-1.08091695e-12,3.64503192,5.14330457e-01,-2.84509847,7.47426051e-01,4.29713007e-05,6.02920997,-9.17144952e-01,-1,-0.9994397687444028
8.13251035e+04,4.49999769e-01,-1.04006985e-12,3.64492903,5.08920234e-01,-2.84509847,7.47425928e-01,4.33398147e-05,6.03440203,-9.01561935e-01,-1,-0.9994073620005496
8.58816541e+04,4.49999764e-01,-1.00336522e-12,3.64483955,5.03882945e-01,-2.84509847,7.47425777e-01,4.37936831e-05,6.03923788,-8.87045112e-01,-1,-0.9993730458358187
9.07028862e+04,4.49999759e-01,-9.70568739e-13,3.64473894,4.99239954e-01,-2.84509847,7.47425595e-01,4.43409406e-05,6.04369688,-8.73657684e-01,-1,-0.9993367363092769
9.58040831e+04,4.49999755e-01,-9.41463561e-13,3.64464078,4.94996732e-01,-2.84509847,7.47425379e-01,4.49881901e-05,6.04777324,-8.61419101e-01,-1,-0.9992983183197685
1.01203332e+05,4.49999750e-01,-9.15703603e-13,3.64454555,4.91140303e-01,-2.84509847,7.47425129e-01,4.57394036e-05,6.05147919,-8.50293312e-01,-1,-0.9992576556494854
1.06913924e+05,4.49999745e-01,-8.92851259e-13,3.64445391,4.87628092e-01,-2.84509847,7.47424844e-01,4.65929685e-05,6.05485498,-8.40159248e-01,-1,-0.9992146482008722
1.12955292e+05,4.49999739e-01,-8.72429162e-13,3.64436646,4.84403468e-01,-2.84509847,7.47424527e-01,4.75452950e-05,6.05795518,-8.30853289e-01,-1,-0.9991691496214231
1.19342198e+05,4.49999734e-01,-8.53885942e-13,3.64428322,4.81392062e-01,-2.84509847,7.47424179e-01,4.85887612e-05,6.06085071,-8.22162152e-01,-1,-0.9991210487359821
1.26093282e+05,4.49999728e-01,-8.36682273e-13,3.64420401,4.78511751e-01,-2.84509847,7.47423804e-01,4.97140746e-05,6.06362079,-8.13846502e-01,-1,-0.9990702051635094
1.33223368e+05,4.49999722e-01,-8.20222210e-13,3.64412601,4.75678232e-01,-2.84509847,7.47423405e-01,5.09102244e-05,6.06634626,-8.05664044e-01,-1,-0.9990165072619165
1.40756754e+05,4.49999716e-01,-8.04061688e-13,3.64404366,4.72806991e-01,-2.84509847,7.47422986e-01,5.21660382e-05,6.06910866,-7.97372097e-01,-1,-0.9989597720387945
1.48720477e+05,4.49999710e-01,-7.87517457e-13,3.64395021,4.69807481e-01,-2.84509847,7.47422552e-01,5.34692313e-05,6.07199467,-7.88707713e-01,-1,-0.9988997958738552
1.57110988e+05,4.49999703e-01,-7.70183938e-13,3.64384764,4.66604539e-01,-2.84509847,7.47422107e-01,5.48036147e-05,6.07507708,-7.79453512e-01,-1,-0.998836605495227
1.65971154e+05,4.49999697e-01,-7.51545387e-13,3.64373862,4.63097642e-01,-2.84509847,7.47421657e-01,5.61541526e-05,6.07845293,-7.69318649e-01,-1,-0.9987698780641744
1.75318474e+05,4.49999690e-01,-7.31085383e-13,3.64360352,4.59182421e-01,-2.84509847,7.47421208e-01,5.74997187e-05,6.08222252,-7.57999315e-01,-1,-0.9986994817927245
1.85164417e+05,4.49999683e-01,-7.08377631e-13,3.64344502,4.54752511e-01,-2.84509847,7.47420770e-01,5.88147612e-05,6.08648902,-7.45188580e-01,-1,-0.9986253303058696
1.95520292e+05,4.49999676e-01,-6.83038313e-13,3.64329213,4.49681261e-01,-2.84509847,7.47420352e-01,6.00688162e-05,6.09137483,-7.30517005e-01,-1,-0.9985473384335896
2.06397186e+05,4.49999669e-01,-6.54744534e-13,3.64307448,4.43811522e-01,-2.84509847,7.47419968e-01,6.12197811e-05,6.09703194,-7.13528505e-01,-1,-0.998465422677784
2.17781354e+05,4.49999661e-01,-6.23028320e-13,3.64280634,4.37013289e-01,-2.84509847,7.47419634e-01,6.22243325e-05,6.10358636,-6.93843074e-01,-1,-0.9983796865544076
2.29678807e+05,4.49999654e-01,-5.87960682e-13,3.64247972,4.29118505e-01,-2.84509847,7.47419366e-01,6.30264887e-05,6.11120074,-6.70971408e-01,-1,-0.9982900847935874
2.42067858e+05,4.49999647e-01,-5.50229808e-13,3.64209577,4.20099086e-01,-2.84509847,7.47419178e-01,6.35908328e-05,6.11990303,-6.44829722e-01,-1,-0.9981967807238431
2.54943095e+05,4.49999641e-01,-5.11025326e-13,3.64162207,4.10112699e-01,-2.84509847,7.47419069e-01,6.39179947e-05,6.12954282,-6.15865924e-01,-1,-0.9980998151038757
2.68373776e+05,4.49999634e-01,-4.72296897e-13,3.64110013,3.99497759e-01,-2.84509847,7.47419022e-01,6.40579603e-05,6.13979573,-5.85056431e-01,-1,-0.9979986663397986
2.82452657e+05,4.49999628e-01,-4.35908652e-13,3.64051962,3.88704555e-01,-2.84509847,7.47419009e-01,6.40969202e-05,6.15022754,-5.53709082e-01,-1,-0.9978926358702537
2.97286968e+05,4.49999622e-01,-4.02624767e-13,3.63990693,3.78040386e-01,-2.84509847,7.47419007e-01,6.41029735e-05,6.16054057,-5.22715688e-01,-1,-0.9977809161277041
3.12949378e+05,4.49999616e-01,-3.72501682e-13,3.63929970,3.67596671e-01,-2.84509847,7.47419007e-01,6.41034393e-05,6.17070149,-4.92229014e-01,-1,-0.9976629598294369
3.29471767e+05,4.49999610e-01,-3.45119534e-13,3.63864910,3.57393093e-01,-2.84509847,7.47419007e-01,6.41034552e-05,6.18069543,-4.62328903e-01,-1,-0.9975385268816995
3.46913314e+05,4.49999604e-01,-3.20150079e-13,3.63798156,3.47411313e-01,-2.84509847,7.47419007e-01,6.41034555e-05,6.19036313,-4.33270422e-01,-1,-0.9974071715972845
3.65319083e+05,4.49999598e-01,-2.97357405e-13,3.63729372,3.37633872e-01,-2.84509847,7.47419007e-01,6.41034555e-05,6.19983625,-4.04789710e-01,-1,-0.9972685545914723
3.84743739e+05,4.49999593e-01,-2.76511173e-13,3.63658956,3.28045984e-01,-2.84509847,7.47419007e-01,6.41034555e-05,6.20912988,-3.76840870e-01,-1,-0.9971222641727644
4.05239429e+05,4.49999587e-01,-2.57388869e-13,3.63587644,3.18632664e-01,-2.84509847,7.47419007e-01,6.41034555e-05,6.21825914,-3.49381363e-01,-1,-0.9969679076131525
4.26862101e+05,4.49999582e-01,-2.39855732e-13,3.63514699,3.09383258e-01,-2.84509847,7.47419007e-01,6.41034555e-05,6.22723361,-3.22392067e-01,-1,-0.9968050635586444
4.49675507e+05,4.49999577e-01,-2.23714169e-13,3.63440542,3.00286665e-01,-2.84509847,7.47419007e-01,6.41034555e-05,6.23606259,-2.95839387e-01,-1,-0.9966332518819849
4.73743439e+05,4.49999572e-01,-2.08845947e-13,3.63364989,2.91332828e-01,-2.84509847,7.47419007e-01,6.41034555e-05,6.24475657,-2.69685839e-01,-1,-0.9964519921546717
4.99137455e+05,4.49999567e-01,-1.95126840e-13,3.63288877,2.82510027e-01,-2.84509847,7.47419007e-01,6.41034555e-05,6.25332751,-2.43902210e-01,-1,-0.9962607454611233
5.25923626e+05,4.49999562e-01,-1.82440306e-13,3.63211295,2.73811556e-01,-2.84509847,7.47419007e-01,6.41034555e-05,6.26178052,-2.18468848e-01,-1,-0.9960590142092972
5.54182364e+05,4.49999557e-01,-1.70704991e-13,3.63133387,2.65227845e-01,-2.84509847,7.47419007e-01,6.41034555e-05,6.27012351,-1.93365127e-01,-1,-0.9958461928026181
5.83992983e+05,4.49999552e-01,-1.59834495e-13,3.63055458,2.56750802e-01,-2.84509847,7.47419007e-01,6.41034555e-05,6.27836449,-1.68561070e-01,-1,-0.9956216839137374
6.15438744e+05,4.49999547e-01,-1.49771173e-13,3.62977766,2.48372420e-01,-2.84509847,7.47419007e-01,6.41034555e-05,6.28651235,-1.44037198e-01,-1,-0.9953848604897715
6.48618202e+05,4.49999542e-01,-1.40430535e-13,3.62899882,2.40087758e-01,-2.84509847,7.47419007e-01,6.41034555e-05,6.29457199,-1.19772990e-01,-1,-0.995134980296098
6.83630466e+05,4.49999537e-01,-1.31753156e-13,3.62822401,2.31889315e-01,-2.84509847,7.47419007e-01,6.41034556e-05,6.30255000,-9.57531447e-02,-1,-0.9948712969258251
7.20559530e+05,4.49999533e-01,-1.23684300e-13,3.62745898,2.23769576e-01,-2.84509847,7.47419007e-01,6.41034556e-05,6.31045355,-7.19588011e-02,-1,-0.9945931778057208
7.59529810e+05,4.49999528e-01,-1.16181611e-13,3.62670116,2.15724450e-01,-2.84509847,7.47419007e-01,6.41034556e-05,6.31828654,-4.83763410e-02,-1,-0.9942996859375319
8.00646590e+05,4.49999524e-01,-1.09197025e-13,3.62595810,2.07747113e-01,-2.84509847,7.47419007e-01,6.41034557e-05,6.32605588,-2.49783862e-02,-1,-0.9939900284093821
8.44031679e+05,4.49999519e-01,-1.02687765e-13,3.62522850,1.99832550e-01,-2.84509847,7.47419007e-01,6.41034558e-05,6.33376591,-1.75538132e-03,-1,-0.9936632878567829
8.89805188e+05,4.49999515e-01,-9.66204222e-14,3.62450898,1.91976794e-01,-2.84509847,7.47419007e-01,6.41034559e-05,6.34142034,2.13027082e-02,-1,-0.9933185597031755
9.38096090e+05,4.49999510e-01,-9.09531351e-14,3.62380266,1.84175200e-01,-2.84509847,7.47419007e-01,6.41034560e-05,6.34902258,4.42059025e-02,-1,-0.9929548726307578
9.89058833e+05,4.49999506e-01,-8.56564046e-14,3.62310441,1.76424958e-01,-2.84509847,7.47419007e-01,6.41034562e-05,6.35657603,6.69665096e-02,-1,-0.9925710634651296
1.04281164e+06,4.49999501e-01,-8.07058254e-14,3.62242790,1.68719769e-01,-2.84509847,7.47419007e-01,6.41034564e-05,6.36408686,8.96031176e-02,-1,-0.9921662418485844
1.09956310e+06,4.49999497e-01,-7.60793133e-14,3.62176708,1.61057704e-01,-2.84509847,7.47419007e-01,6.41034566e-05,6.37155745,1.12122552e-01,-1,-0.9917388368615574
1.15940675e+06,4.49999492e-01,-7.17450998e-14,3.62112281,1.53433333e-01,-2.84509847,7.47419007e-01,6.41034570e-05,6.37899411,1.34541236e-01,-1,-0.9912881440608453
1.22258220e+06,4.49999488e-01,-6.76845808e-14,3.62049007,1.45845276e-01,-2.84509847,7.47419007e-01,6.41034574e-05,6.38639751,1.56860199e-01,-1,-0.9908123589024075
1.28920695e+06,4.49999484e-01,-6.38747107e-14,3.61987215,1.38290074e-01,-2.84509847,7.47419007e-01,6.41034580e-05,6.39376975,1.79084773e-01,-1,-0.9903105964735743
1.35952511e+06,4.49999479e-01,-6.03001763e-14,3.61926657,1.30766086e-01,-2.84509847,7.47419007e-01,6.41034587e-05,6.40111128,2.01222677e-01,-1,-0.9897810183400326
1.43372381e+06,4.49999475e-01,-5.69456840e-14,3.61869026,1.23267675e-01,-2.84509847,7.47419007e-01,6.41034596e-05,6.40842791,2.23291297e-01,-1,-0.9892222151936303
1.51204791e+06,4.49999471e-01,-5.38073545e-14,3.61816148,1.15787930e-01,-2.84509847,7.47419007e-01,6.41034607e-05,6.41572701,2.45314242e-01,-1,-0.9886323429516756
1.59472080e+06,4.49999467e-01,-5.08677059e-14,3.61765501,1.08326521e-01,-2.84509847,7.47419007e-01,6.41034622e-05,6.42301039,2.67289948e-01,-1,-0.988009719225732
1.68192559e+06,4.49999462e-01,-4.80983944e-14,3.61716385,1.00882547e-01,-2.84509847,7.47419007e-01,6.41034640e-05,6.43027826,2.89222072e-01,-1,-0.9873529649829575
1.77395415e+06,4.49999458e-01,-4.54893490e-14,3.61668127,9.34550877e-02,-2.84509847,7.47419007e-01,6.41034664e-05,6.43753175,3.11111837e-01,-1,-0.9866598821002808
1.87103273e+06,4.49999454e-01,-4.30315847e-14,3.61621121,8.60424022e-02,-2.84509847,7.47419007e-01,6.41034693e-05,6.44477089,3.32960917e-01,-1,-0.9859287666501144
1.97346150e+06,4.49999449e-01,-4.07095526e-14,3.61575029,7.86432038e-02,-2.84509847,7.47419007e-01,6.41034730e-05,6.45199712,3.54776771e-01,-1,-0.9851573580006621
2.08152368e+06,4.49999445e-01,-3.85263834e-14,3.61529853,7.12563893e-02,-2.84509847,7.47419007e-01,6.41034777e-05,6.45921222,3.76563686e-01,-1,-0.9843435231734874
2.19552335e+06,4.49999441e-01,-3.64630614e-14,3.61485585,6.38806429e-02,-2.84509847,7.47419007e-01,6.41034836e-05,6.46641724,3.98325394e-01,-1,-0.9834849720899128
2.31580973e+06,4.49999437e-01,-3.45145517e-14,3.61441811,5.65151404e-02,-2.84509847,7.47419007e-01,6.41034910e-05,6.47361357,4.20063517e-01,-1,-0.9825790747141726
2.44271337e+06,4.49999433e-01,-3.26740814e-14,3.61399106,4.91584942e-02,-2.84509847,7.47419007e-01,6.41035003e-05,6.48080126,4.41779160e-01,-1,-0.9816233416174754
2.57659685e+06,4.49999428e-01,-3.09358145e-14,3.61356746,4.18102698e-02,-2.84509847,7.47419007e-01,6.41035120e-05,6.48798120,4.63474695e-01,-1,-0.9806150421476022
2.71784380e+06,4.49999424e-01,-2.92936800e-14,3.61315184,3.44694886e-02,-2.84509847,7.47419007e-01,6.41035266e-05,6.49515312,4.85151729e-01,-1,-0.9795512871211701
2.86685245e+06,4.49999420e-01,-2.77411544e-14,3.61274489,2.71351371e-02,-2.84509848,7.47419007e-01,6.41035450e-05,6.50231917,5.06817521e-01,-1,-0.9784290773996904
3.02407383e+06,4.49999416e-01,-2.62725275e-14,3.61234557,1.98060624e-02,-2.84509848,7.47419007e-01,6.41035680e-05,6.50948056,5.28474101e-01,-1,-0.9772450161988109
3.18993795e+06,4.49999412e-01,-2.48880501e-14,3.61196007,1.24807287e-02,-2.84509848,7.47419007e-01,6.41035968e-05,6.51663945,5.50126675e-01,-1,-0.9759958650394072
3.36494624e+06,4.49999407e-01,-2.35772540e-14,3.61157949,5.15923060e-03,-2.84509848,7.47419007e-01,6.41036328e-05,6.52379463,5.71770572e-01,-1,-0.9746778475660757
3.54958283e+06,4.49999403e-01,-2.23354807e-14,3.61121116,-2.16010884e-03,-2.84509848,7.47419007e-01,6.41036777e-05,6.53094768,5.93412056e-01,-1,-0.9732873177126822
3.74441117e+06,4.49999399e-01,-2.11650499e-14,3.61085129,-9.47771630e-03,-2.84509848,7.47419007e-01,6.41037339e-05,6.53809893,6.15055771e-01,-1,-0.9718200320405568
3.94993243e+06,4.49999395e-01,-2.00564739e-14,3.61049777,-1.67936597e-02,-2.84509848,7.47419007e-01,6.41038040e-05,6.54524819,6.36699801e-01,-1,-0.9702722161524003
4.16679426e+06,4.49999391e-01,-1.90075808e-14,3.61015539,-2.41093753e-02,-2.84509849,7.47419007e-01,6.41038914e-05,6.55238948,6.58354887e-01,-1,-0.9686389924848893
4.39556719e+06,4.49999386e-01,-1.80143654e-14,3.60981970,-3.14247088e-02,-2.84509850,7.47419007e-01,6.41040003e-05,6.55948187,6.80063997e-01,-1,-0.9669160642786583
4.63657936e+06,4.49999382e-01,-1.70730668e-14,3.60940380,-3.87267743e-02,-2.84509851,7.47419007e-01,6.41041354e-05,6.56646233,7.01847614e-01,-1,-0.9651009602550401
4.89142842e+06,4.49999378e-01,-1.61726445e-14,3.60914868,-4.60424842e-02,-2.84509852,7.47419006e-01,6.41043025e-05,6.57332903,7.23839501e-01,-1,-0.9631816482376374
5.16016444e+06,4.49999374e-01,-1.53442844e-14,3.60886843,-5.33580837e-02,-2.84509854,7.47419007e-01,6.41045064e-05,6.58008315,7.46000488e-01,-1,-0.9611577511406852
5.44361117e+06,4.49999370e-01,-1.45470472e-14,3.60856712,-6.06689479e-02,-2.84509856,7.47419007e-01,6.41047539e-05,6.58672848,7.68326865e-01,-1,-0.9590230651615315
5.74261549e+06,4.49999365e-01,-1.37931711e-14,3.60827368,-6.79766632e-02,-2.84509859,7.47419008e-01,6.41050495e-05,6.59327943,7.90824724e-01,-1,-0.9567712123015235
6.05814014e+06,4.49999361e-01,-1.30794944e-14,3.60799148,-7.52809909e-02,-2.84509863,7.47419010e-01,6.41053997e-05,6.59974614,8.13502061e-01,-1,-0.9543949420004606
6.39096402e+06,4.49999357e-01,-1.24037672e-14,3.60771559,-8.25798901e-02,-2.84509866,7.47419013e-01,6.41058081e-05,6.60613508,8.36357112e-01,-1,-0.9518883882287394
6.74221070e+06,4.49999353e-01,-1.17644664e-14,3.60745222,-8.98727859e-02,-2.84509870,7.47419017e-01,6.41062759e-05,6.61245274,8.59396380e-01,-1,-0.9492430891878215
7.11272863e+06,4.49999349e-01,-1.11605807e-14,3.60719910,-9.71582539e-02,-2.84509874,7.47419024e-01,6.41068120e-05,6.61870862,8.82626525e-01,-1,-0.946452655055115
7.50376684e+06,4.49999344e-01,-1.05892312e-14,3.60695486,-1.04435206e-01,-2.84509878,7.47419033e-01,6.41074213e-05,6.62490837,9.06049232e-01,-1,-0.9435076791712853
7.91622408e+06,4.49999340e-01,-1.00483326e-14,3.60672102,-1.11702223e-01,-2.84509882,7.47419046e-01,6.41081106e-05,6.63106034,9.29665751e-01,-1,-0.9404013928958062
8.35160905e+06,4.49999336e-01,-9.53690763e-15,3.60649875,-1.18957500e-01,-2.84509887,7.47419062e-01,6.41088894e-05,6.63716733,9.53477109e-01,-1,-0.9371224339499991
8.81081193e+06,4.49999332e-01,-9.05289934e-15,3.60628741,-1.26199640e-01,-2.84509892,7.47419082e-01,6.41097625e-05,6.64323840,9.77486277e-01,-1,-0.9336640982354786
9.29560868e+06,4.49999327e-01,-8.59556901e-15,3.60608737,-1.33426549e-01,-2.84509897,7.47419108e-01,6.41107427e-05,6.64927911,1.00170190,-1,-0.9300130106926295
9.80689577e+06,4.49999323e-01,-8.16284124e-15,3.60589982,-1.40637278e-01,-2.84509904,7.47419139e-01,6.41118342e-05,6.65529627,1.02612171,-1,-0.9261624198519968
1.03467843e+07,4.49999319e-01,-7.75394447e-15,3.60572669,-1.47829893e-01,-2.84509912,7.47419178e-01,6.41130504e-05,6.66129356,1.05075217,-1,-0.9220964266570958
1.09161475e+07,4.49999315e-01,-7.36753403e-15,3.60556718,-1.55002675e-01,-2.84509922,7.47419224e-01,6.41143980e-05,6.66727843,1.07559057,-1,-0.917808454662901
1.15174577e+07,4.49999310e-01,-7.00228279e-15,3.60542425,-1.62153390e-01,-2.84509933,7.47419280e-01,6.41158881e-05,6.67325638,1.10064571,-1,-0.9132798843277903
1.21515459e+07,4.49999306e-01,-6.65697599e-15,3.60529418,-1.69280516e-01,-2.84509946,7.47419347e-01,6.41175274e-05,6.67923364,1.12591530,-1,-0.908504457248117
1.28213333e+07,4.49999302e-01,-6.33118129e-15,3.60518167,-1.76381400e-01,-2.84509962,7.47419426e-01,6.41193337e-05,6.68521468,1.15140360,-1,-0.9034601733652377
1.35276672e+07,4.49999297e-01,-6.02280155e-15,3.60508635,-1.83454234e-01,-2.84509981,7.47419520e-01,6.41213083e-05,6.69120425,1.17711070,-1,-0.8981406515174076
1.42738076e+07,4.49999293e-01,-5.73261317e-15,3.60500924,-1.90495702e-01,-2.84510003,7.47419630e-01,6.41234719e-05,6.69720803,1.20304307,-1,-0.892521340085026
1.50608142e+07,4.49999289e-01,-5.45794139e-15,3.60495159,-1.97504535e-01,-2.84510029,7.47419758e-01,6.41258258e-05,6.70323286,1.22920081,-1,-0.8865942582854884
1.58920620e+07,4.49999284e-01,-5.19875709e-15,3.60491515,-2.04477440e-01,-2.84510059,7.47419908e-01,6.41283842e-05,6.70928525,1.25559220,-1,-0.8803339884144534
1.67690926e+07,4.49999280e-01,-4.95407387e-15,3.60489907,-2.11412022e-01,-2.84510094,7.47420083e-01,6.41311539e-05,6.71536813,1.28221177,-1,-0.8737289204176951
1.76952916e+07,4.49999275e-01,-4.72319760e-15,3.60490569,-2.18304501e-01,-2.84510135,7.47420285e-01,6.41341414e-05,6.72148866,1.30906371,-1,-0.8667535567604526
1.86728300e+07,4.49999271e-01,-4.50546735e-15,3.60493593,-2.25151951e-01,-2.84510183,7.47420520e-01,6.41373482e-05,6.72765465,1.33615343,-1,-0.8593915472690594
1.97051075e+07,4.49999266e-01,-4.30006309e-15,3.60499326,-2.31950294e-01,-2.84510237,7.47420791e-01,6.41407952e-05,6.73387148,1.36347877,-1,-0.8516172882192341
2.07948634e+07,4.49999262e-01,-4.10671770e-15,3.60507468,-2.38695524e-01,-2.84510300,7.47421103e-01,6.41444616e-05,6.74014351,1.39103297,-1,-0.8434101494724577
2.19458166e+07,4.49999257e-01,-3.92454827e-15,3.60518507,-2.45382070e-01,-2.84510373,7.47421462e-01,6.41483760e-05,6.74647768,1.41881962,-1,-0.8347421233544561
2.31606932e+07,4.49999253e-01,-3.75298408e-15,3.60532550,-2.52006260e-01,-2.84510457,7.47421875e-01,6.41525076e-05,6.75287767,1.44682708,-1,-0.8255926791381762
2.44443665e+07,4.49999248e-01,-3.59191186e-15,3.60549907,-2.58561048e-01,-2.84510553,7.47422350e-01,6.41568716e-05,6.75935158,1.47505144,-1,-0.8159251151647833
2.57990547e+07,4.49999243e-01,-3.44029893e-15,3.60570608,-2.65042532e-01,-2.84510663,7.47422893e-01,6.41614394e-05,6.76590809,1.50348942,-1,-0.8057227257893087
2.72311718e+07,4.49999239e-01,-3.29812482e-15,3.60594965,-2.71441012e-01,-2.84510790,7.47423517e-01,6.41662051e-05,6.77255532,1.53212773,-1,-0.7949372060767463
2.87425169e+07,4.49999234e-01,-3.16468681e-15,3.60623117,-2.77751428e-01,-2.84510935,7.47424230e-01,6.41711143e-05,6.77929703,1.56094072,-1,-0.783555006696169
3.03404627e+07,4.49999229e-01,-3.03997326e-15,3.60655406,-2.83961879e-01,-2.84511102,7.47425049e-01,6.41761742e-05,6.78614394,1.58991016,-1,-0.771520602578303
3.20275036e+07,4.49999224e-01,-2.92332695e-15,3.60691983,-2.90066245e-01,-2.84511292,7.47425982e-01,6.41813832e-05,6.79309999,1.61899511,-1,-0.7588152079685684
3.38107380e+07,4.49999219e-01,-2.81463481e-15,3.60733320,-2.96052537e-01,-2.84511511,7.47427050e-01,6.41866473e-05,6.80017687,1.64816398,-1,-0.7453853635980772
3.56946579e+07,4.49999213e-01,-2.71362428e-15,3.60779599,-3.01910432e-01,-2.84511760,7.47428268e-01,6.41919902e-05,6.80738077,1.67735895,-1,-0.7311972394437477
3.76852406e+07,4.49999208e-01,-2.61990236e-15,3.60831174,-3.07627974e-01,-2.84512044,7.47429659e-01,6.41973209e-05,6.81471862,1.70651333,-1,-0.7162058194332364
3.97897462e+07,4.49999203e-01,-2.53339982e-15,3.60888657,-3.13193124e-01,-2.84512370,7.47431250e-01,6.42025785e-05,6.82220058,1.73555325,-1,-0.7003564265071985
4.20141269e+07,4.49999197e-01,-2.45379369e-15,3.60951624,-3.18591980e-01,-2.84512742,7.47433064e-01,6.42077458e-05,6.82983172,1.76437602,-1,-0.6836042336256996
4.43640883e+07,4.49999192e-01,-2.38079161e-15,3.61020968,-3.23817046e-01,-2.84513167,7.47435130e-01,6.42127659e-05,6.83761421,1.79286215,-1,-0.6659062709357348
4.68502822e+07,4.49999186e-01,-2.31449492e-15,3.61096629,-3.28851072e-01,-2.84513652,7.47437490e-01,6.42175987e-05,6.84555478,1.82085076,-1,-0.6471823179030518
4.94782591e+07,4.49999180e-01,-2.25430696e-15,3.61178742,-3.33690326e-01,-2.84514204,7.47440176e-01,6.42221926e-05,6.85364875,1.84817277,-1,-0.6273905727593703
5.22559665e+07,4.49999174e-01,-2.19984598e-15,3.61266670,-3.38329985e-01,-2.84514834,7.47443234e-01,6.42264766e-05,6.86188715,1.87462014,-1,-0.6064711815179487
5.51925361e+07,4.49999167e-01,-2.15087582e-15,3.61360134,-3.42772003e-01,-2.84515551,7.47446711e-01,6.42304427e-05,6.87025444,1.89995027,-1,-0.5843553717785697
5.82981359e+07,4.49999161e-01,-2.10670932e-15,3.61457933,-3.47024139e-01,-2.84516366,7.47450659e-01,6.42340904e-05,6.87872214,1.92388644,-1,-0.5609665665878283
6.15821046e+07,4.49999154e-01,-2.06655982e-15,3.61558071,-3.51108346e-01,-2.84517293,7.47455148e-01,6.42373127e-05,6.88724845,1.94614171,-1,-0.5362344345929743
6.50542814e+07,4.49999147e-01,-2.02947962e-15,3.61658105,-3.55049793e-01,-2.84518339,7.47460207e-01,6.42402494e-05,6.89578241,1.96641628,-1,-0.5100848750898432
6.87251107e+07,4.49999139e-01,-1.99423504e-15,3.61754148,-3.58893424e-01,-2.84519522,7.47465919e-01,6.42427880e-05,6.90426174,1.98439195,-1,-0.48243922950918416
7.26081619e+07,4.49999132e-01,-1.95942635e-15,3.61841683,-3.62675941e-01,-2.84520850,7.47472333e-01,6.42450318e-05,6.91262899,1.99969371,-1,-0.45319530437031896
7.67141486e+07,4.49999124e-01,-1.92383108e-15,3.61915148,-3.66437014e-01,-2.84522337,7.47479502e-01,6.42469634e-05,6.92083080,2.01190225,-1,-0.42227241371258684
8.10506762e+07,4.49999116e-01,-1.88619059e-15,3.61969403,-3.70198807e-01,-2.84523985,7.47487438e-01,6.42486899e-05,6.92873662,2.02066000,-1,-0.3896132799630698
8.56302992e+07,4.49999107e-01,-1.84591815e-15,3.61999616,-3.73964839e-01,-2.84525805,7.47496185e-01,6.42501957e-05,6.93569707,2.02620923,-1,-0.3551233530272042
9.04671330e+07,4.49999098e-01,-1.80282981e-15,3.62001116,-3.77705756e-01,-2.84527795,7.47505724e-01,6.42516170e-05,6.94141282,2.02900311,-1,-0.31869632740458753
9.55659130e+07,4.49999089e-01,-1.75760524e-15,3.61973526,-3.81366889e-01,-2.84529936,7.47515963e-01,6.42531211e-05,6.94579022,2.02922774,-1,-0.2802965399849566
1.00948236e+08,4.49999080e-01,-1.71129201e-15,3.61919495,-3.84848843e-01,-2.84532245,7.47526951e-01,6.42546001e-05,6.94883119,2.02732511,-1,-0.2397613415602765
1.06619935e+08,4.49999071e-01,-1.66547348e-15,3.61846372,-3.88036174e-01,-2.84534650,7.47538372e-01,6.42567839e-05,6.95075883,2.02378041,-1,-0.19704680280627396
1.12626825e+08,4.49999061e-01,-1.62205778e-15,3.61762397,-3.90780105e-01,-2.84537185,7.47550316e-01,6.42594310e-05,6.95167992,2.01918179,-1,-0.15180788309349813
1.18976740e+08,4.49999051e-01,-1.58244040e-15,3.61677156,-3.92996819e-01,-2.84539712,7.47562185e-01,6.42641548e-05,6.95187721,2.01394745,-1,-0.10398558322319074
1.25685652e+08,4.49999040e-01,-1.54860393e-15,3.61598018,-3.94656900e-01,-2.84542190,7.47573831e-01,6.42715066e-05,6.95154290,2.00864935,-1,-0.05345961532165133
1.32784098e+08,4.49999030e-01,-1.52235742e-15,3.61529683,-3.95737679e-01,-2.84544760,7.47585812e-01,6.42820676e-05,6.95085451,2.00340342,0,0.0
1.37872905e+08,4.49999022e-01,-1.50996081e-15,3.61492527,-3.96108168e-01,-2.84546533,7.47594047e-01,6.42905435e-05,6.95024015,2.00007150,0,5.899484941383114e-05
1.43137275e+08,4.49999014e-01,-1.50018528e-15,3.61460430,-3.96312688e-01,-2.84548273,7.47602126e-01,6.43007915e-05,6.94959316,1.99688429,0,0.0001200250113768787
1.48540346e+08,4.49999006e-01,-1.49241315e-15,3.61432214,-3.96391294e-01,-2.84550030,7.47610267e-01,6.43119546e-05,6.94892199,1.99381264,0,0.0001826631424785766
1.54265945e+08,4.49998997e-01,-1.48794235e-15,3.61410858,-3.96274107e-01,-2.84552100,7.47619775e-01,6.43217806e-05,6.94824594,1.99095432,0,0.00024904036032334496
1.60088959e+08,4.49998989e-01,-1.48420155e-15,3.61391060,-3.96121344e-01,-2.84554158,7.47629238e-01,6.43324140e-05,6.94757652,1.98817650,0,0.00031654691619481556
1.66260221e+08,4.49998980e-01,-1.48282610e-15,3.61376339,-3.95863513e-01,-2.84556229,7.47638780e-01,6.43456729e-05,6.94693642,1.98569344,0,0.0003880907323354745
1.72517855e+08,4.49998970e-01,-1.48178009e-15,3.61362304,-3.95594659e-01,-2.84558343,7.47648514e-01,6.43588680e-05,6.94630654,1.98324274,0,0.0004606358643314158
1.79198926e+08,4.49998961e-01,-1.48235002e-15,3.61351400,-3.95276317e-01,-2.84560778,7.47659669e-01,6.43681592e-05,6.94572142,1.98095901,0,0.000538089927251883
1.85941462e+08,4.49998951e-01,-1.48303076e-15,3.61340748,-3.94957650e-01,-2.84563242,7.47670959e-01,6.43773901e-05,6.94514265,1.97870362,0,0.000616256557660019
1.93135211e+08,4.49998940e-01,-1.48448251e-15,3.61332168,-3.94637210e-01,-2.84565747,7.47682483e-01,6.43907997e-05,6.94461406,1.97669172,0,0.000699654127851991
2.00427857e+08,4.49998929e-01,-1.48609715e-15,3.61324074,-3.94316467e-01,-2.84568236,7.47693949e-01,6.44057898e-05,6.94409699,1.97473828,0,0.0007841982169869057
2.08077705e+08,4.49998918e-01,-1.48789487e-15,3.61316659,-3.94006398e-01,-2.84570807,7.47705785e-01,6.44212490e-05,6.94361087,1.97288368,0,0.0008728833706582274
2.16104017e+08,4.49998906e-01,-1.48990472e-15,3.61309626,-3.93705725e-01,-2.84573641,7.47718767e-01,6.44331194e-05,6.94315068,1.97106796,0,0.0009659328944048394
2.24221557e+08,4.49998894e-01,-1.49191606e-15,3.61302601,-3.93407776e-01,-2.84576553,7.47732091e-01,6.44443390e-05,6.94269437,1.96925414,0,0.0010600400299104209
2.32872971e+08,4.49998881e-01,-1.49391130e-15,3.61295947,-3.93127263e-01,-2.84579638,7.47746231e-01,6.44582656e-05,6.94226512,1.96752279,0,0.0011603363992061537
2.41779598e+08,4.49998867e-01,-1.49588805e-15,3.61289609,-3.92855734e-01,-2.84582684,7.47760245e-01,6.44763246e-05,6.94185068,1.96586197,0,0.0012635914683510755
2.50867132e+08,4.49998854e-01,-1.49782764e-15,3.61283349,-3.92588820e-01,-2.84585704,7.47774181e-01,6.44959875e-05,6.94144224,1.96422791,0,0.0013689438033626157
2.60568144e+08,4.49998839e-01,-1.49967016e-15,3.61277254,-3.92336848e-01,-2.84588969,7.47789190e-01,6.45137906e-05,6.94105426,1.96265668,0,0.0014814082261834789
2.70531005e+08,4.49998824e-01,-1.50147884e-15,3.61271203,-3.92091067e-01,-2.84592423,7.47805012e-01,6.45288785e-05,6.94067504,1.96110491,0,0.0015969082804056043
2.80689975e+08,4.49998809e-01,-1.50325934e-15,3.61265307,-3.91849156e-01,-2.84596023,7.47821461e-01,6.45428486e-05,6.94030341,1.95958693,0,0.0017146818382060137
2.91499646e+08,4.49998792e-01,-1.50494101e-15,3.61259853,-3.91619558e-01,-2.84599812,7.47838804e-01,6.45603584e-05,6.93995474,1.95816871,0,0.001839999012321294
3.02729919e+08,4.49998776e-01,-1.50655584e-15,3.61254647,-3.91397625e-01,-2.84603560,7.47856057e-01,6.45842083e-05,6.93961966,1.95680810,0,0.0019701922510334743
3.14047840e+08,4.49998758e-01,-1.50816507e-15,3.61249470,-3.91176882e-01,-2.84607303,7.47873302e-01,6.46087609e-05,6.93928686,1.95545476,0,0.0021014015983466337
3.25984897e+08,4.49998740e-01,-1.50973359e-15,3.61244528,-3.90964956e-01,-2.84611085,7.47890802e-01,6.46364530e-05,6.93897074,1.95415851,0,0.002239788627007638
3.38735931e+08,4.49998721e-01,-1.51124137e-15,3.61240016,-3.90767119e-01,-2.84615401,7.47910552e-01,6.46570956e-05,6.93867990,1.95297178,0,0.002387612140593561
3.51486964e+08,4.49998702e-01,-1.51274915e-15,3.61235505,-3.90569281e-01,-2.84619718,7.47930302e-01,6.46777383e-05,6.93838907,1.95178506,0,0.0025354356425864233
3.64744261e+08,4.49998682e-01,-1.51422373e-15,3.61231230,-3.90377446e-01,-2.84624377,7.47951508e-01,6.46959425e-05,6.93811102,1.95065230,0,0.002689128293958235
3.78876601e+08,4.49998660e-01,-1.51563309e-15,3.61227305,-3.90195355e-01,-2.84629217,7.47973627e-01,6.47199816e-05,6.93785263,1.94959579,0,0.002852965372111339
3.93452418e+08,4.49998638e-01,-1.51700815e-15,3.61223547,-3.90018100e-01,-2.84634082,7.47995951e-01,6.47485919e-05,6.93760381,1.94857519,0,0.003021943706129226
4.08102362e+08,4.49998616e-01,-1.51838017e-15,3.61219804,-3.89841308e-01,-2.84638945,7.48018286e-01,6.47777552e-05,6.93735589,1.94755737,0,0.003191781398971784
4.23538288e+08,4.49998592e-01,-1.51972006e-15,3.61216201,-3.89669419e-01,-2.84643794,7.48040738e-01,6.48127816e-05,6.93711757,1.94656916,0,0.0033707310289996157
4.40186108e+08,4.49998567e-01,-1.52100723e-15,3.61212890,-3.89507586e-01,-2.84648963,7.48064625e-01,6.48532890e-05,6.93689871,1.94565421,0,0.0035637302199629526
4.56951511e+08,4.49998541e-01,-1.52228929e-15,3.61209608,-3.89346728e-01,-2.84654163,7.48088651e-01,6.48943281e-05,6.93668174,1.94474637,0,0.003758092557805043
4.74028012e+08,4.49998515e-01,-1.52356263e-15,3.61206414,-3.89188564e-01,-2.84659557,7.48113492e-01,6.49340946e-05,6.93647256,1.94385584,0,0.0039560614737042185
4.91935892e+08,4.49998488e-01,-1.52481146e-15,3.61203452,-3.89037739e-01,-2.84665457,7.48140458e-01,6.49704125e-05,6.93628426,1.94301157,0,0.0041636686169739395
5.11328744e+08,4.49998458e-01,-1.52600234e-15,3.61200883,-3.88901642e-01,-2.84672113,7.48170621e-01,6.50000159e-05,6.93613358,1.94224992,0,0.004388491131061173
5.30721596e+08,4.49998429e-01,-1.52719323e-15,3.61198314,-3.88765545e-01,-2.84678770,7.48200784e-01,6.50296193e-05,6.93598290,1.94148827,0,0.004613313645148407
5.50569601e+08,4.49998398e-01,-1.52836674e-15,3.61195905,-3.88631818e-01,-2.84685436,7.48231102e-01,6.50624424e-05,6.93583691,1.94076557,0,0.004843412775679387
5.71369567e+08,4.49998367e-01,-1.52950156e-15,3.61193826,-3.88503002e-01,-2.84692176,7.48261939e-01,6.51010686e-05,6.93570037,1.94012304,0,0.0050845480480492785
5.93915257e+08,4.49998332e-01,-1.53054544e-15,3.61192310,-3.88382808e-01,-2.84699498,7.48295389e-01,6.51424065e-05,6.93557829,1.93961657,0,0.005345921605050147
6.16460946e+08,4.49998298e-01,-1.53158931e-15,3.61190795,-3.88262614e-01,-2.84706820,7.48328840e-01,6.51837445e-05,6.93545621,1.93911009,0,0.005607295150457954
6.39452464e+08,4.49998262e-01,-1.53263214e-15,3.61189343,-3.88144283e-01,-2.84714399,7.48363357e-01,6.52235891e-05,6.93534028,1.93861439,0,0.00587383721860976
6.63484286e+08,4.49998225e-01,-1.53367256e-15,3.61188039,-3.88030300e-01,-2.84722579,7.48400361e-01,6.52599490e-05,6.93523868,1.93814382,0,0.006152439594378775
6.89775227e+08,4.49998185e-01,-1.53470504e-15,3.61186963,-3.87924893e-01,-2.84730998,7.48438995e-01,6.53162947e-05,6.93516439,1.93771640,0,0.006457232074274932
7.16104154e+08,4.49998145e-01,-1.53573737e-15,3.61185891,-3.87819631e-01,-2.84739422,7.48477655e-01,6.53729764e-05,6.93509057,1.93728970,0,0.006762464928182096
7.42636367e+08,4.49998104e-01,-1.53676608e-15,3.61184847,-3.87714731e-01,-2.84747918,7.48516638e-01,6.54298268e-05,6.93501801,1.93686917,0,0.007070054489065559
7.70748608e+08,4.49998060e-01,-1.53776657e-15,3.61184019,-3.87612648e-01,-2.84756972,7.48558121e-01,6.54879885e-05,6.93495522,1.93649661,0,0.007395961410762595
8.00983022e+08,4.49998014e-01,-1.53872474e-15,3.61183408,-3.87513674e-01,-2.84767026,7.48603659e-01,6.55407167e-05,6.93490583,1.93616717,0,0.007746470813269986
8.31851720e+08,4.49997966e-01,-1.53967025e-15,3.61182862,-3.87415631e-01,-2.84777379,7.48650407e-01,6.55918208e-05,6.93486046,1.93585061,0,0.008104333508811599
8.62720419e+08,4.49997919e-01,-1.54061577e-15,3.61182316,-3.87317588e-01,-2.84787732,7.48697156e-01,6.56429249e-05,6.93481508,1.93553405,0,0.008462196215946273
8.95352044e+08,4.49997868e-01,-1.54156383e-15,3.61182022,-3.87219617e-01,-2.84798702,7.48746664e-01,6.56956567e-05,6.93477518,1.93527366,0,0.008840496631545373
9.29885435e+08,4.49997815e-01,-1.54251271e-15,3.61182004,-3.87121261e-01,-2.84810294,7.48798963e-01,6.57517661e-05,6.93473790,1.93507638,0,0.009240844336183012
9.66201697e+08,4.49997759e-01,-1.54346191e-15,3.61182244,-3.87022437e-01,-2.84822460,7.48853837e-01,6.58114180e-05,6.93470234,1.93493884,0,0.009661860972884549
1.00251796e+09,4.49997703e-01,-1.54441110e-15,3.61182485,-3.86923613e-01,-2.84834626,7.48908710e-01,6.58710698e-05,6.93466678,1.93480130,0,0.010082877621179147
1.03997128e+09,4.49997645e-01,-1.54537956e-15,3.61182857,-3.86826245e-01,-2.84847189,7.48965353e-01,6.59318216e-05,6.93464060,1.93468686,0,0.010517076240511345
1.07913030e+09,4.49997584e-01,-1.54637787e-15,3.61183403,-3.86730559e-01,-2.84860340,7.49024618e-01,6.59945160e-05,6.93462720,1.93460252,0,0.010971049143805419
1.12198356e+09,4.49997518e-01,-1.54745136e-15,3.61184098,-3.86632858e-01,-2.84874679,7.49089191e-01,6.60647176e-05,6.93462672,1.93453210,0,0.011467849596365666
1.16483683e+09,4.49997451e-01,-1.54852486e-15,3.61184793,-3.86535157e-01,-2.84889019,7.49153764e-01,6.61349192e-05,6.93462623,1.93446169,0,0.011964650164856523
1.20769009e+09,4.49997385e-01,-1.54959835e-15,3.61185489,-3.86437456e-01,-2.84903359,7.49218337e-01,6.62051208e-05,6.93462575,1.93439127,0,0.01246145061741677
1.25357242e+09,4.49997314e-01,-1.55068071e-15,3.61186515,-3.86335885e-01,-2.84918752,7.49287594e-01,6.62783601e-05,6.93462657,1.93439418,0,0.012993367262930287
1.30239337e+09,4.49997238e-01,-1.55179340e-15,3.61187928,-3.86234140e-01,-2.84935091,7.49361054e-01,6.63577537e-05,6.93463893,1.93447504,0,0.013559351509039478
1.35309072e+09,4.49997159e-01,-1.55292569e-15,3.61189590,-3.86132326e-01,-2.84952033,7.49437195e-01,6.64411141e-05,6.93465878,1.93460577,0,0.014147088974604647
1.40378807e+09,4.49997080e-01,-1.55405799e-15,3.61191253,-3.86030511e-01,-2.84968976,7.49513336e-01,6.65244745e-05,6.93467862,1.93473650,0,0.014734826440169817
1.45616954e+09,4.49996999e-01,-1.55523159e-15,3.61192872,-3.85923802e-01,-2.84986497,7.49592070e-01,6.66094990e-05,6.93469544,1.93485090,0,0.015342088011442831
1.51102960e+09,4.49996913e-01,-1.55646243e-15,3.61194468,-3.85810429e-01,-2.85004859,7.49674564e-01,6.66975128e-05,6.93470858,1.93495040,0,0.015978084027509807
1.57113968e+09,4.49996819e-01,-1.55778183e-15,3.61196361,-3.85687850e-01,-2.85024907,7.49764516e-01,6.67968103e-05,6.93472124,1.93510204,0,0.016674943845116044
1.63124976e+09,4.49996725e-01,-1.55910124e-15,3.61198253,-3.85565272e-01,-2.85044955,7.49854469e-01,6.68961079e-05,6.93473390,1.93525368,0,0.01737180366272228
1.69135983e+09,4.49996632e-01,-1.56042065e-15,3.61200146,-3.85442693e-01,-2.85065003,7.49944422e-01,6.69954054e-05,6.93474656,1.93540532,0,0.01806866336439791
1.75532876e+09,4.49996532e-01,-1.56182998e-15,3.61202565,-3.85316481e-01,-2.85086385,7.50040267e-01,6.70987441e-05,6.93476960,1.93566485,0,0.018810259065023597
1.82333368e+09,4.49996425e-01,-1.56333346e-15,3.61205252,-3.85185475e-01,-2.85109058,7.50141871e-01,6.72102826e-05,6.93480289,1.93596482,0,0.019598644243474978
1.89473846e+09,4.49996313e-01,-1.56491627e-15,3.61208125,-3.85050290e-01,-2.85132804,7.50248270e-01,6.73292877e-05,6.93484472,1.93628868,0,0.020426444205927423
1.96614325e+09,4.49996201e-01,-1.56649908e-15,3.61210998,-3.84915105e-01,-2.85156549,7.50354670e-01,6.74482928e-05,6.93488655,1.93661253,0,0.021254244284310476
2.03879617e+09,4.49996087e-01,-1.56811336e-15,3.61213752,-3.84777155e-01,-2.85180725,7.50462961e-01,6.75685446e-05,6.93492918,1.93690197,0,0.022096514009783484
2.11552554e+09,4.49995966e-01,-1.56983041e-15,3.61216119,-3.84630170e-01,-2.85206306,7.50577430e-01,6.76928679e-05,6.93497443,1.93707900,0,0.02298604226832584
2.19951666e+09,4.49995834e-01,-1.57168214e-15,3.61218292,-3.84459346e-01,-2.85234200,7.50702062e-01,6.78327167e-05,6.93499813,1.93718036,0,0.023959756436793815
2.28447551e+09,4.49995700e-01,-1.57355182e-15,3.61220439,-3.84285344e-01,-2.85262402,7.50828048e-01,6.79746344e-05,6.93501897,1.93727164,0,0.024944689558077892
2.36943436e+09,4.49995566e-01,-1.57542149e-15,3.61222585,-3.84111342e-01,-2.85290604,7.50954034e-01,6.81165522e-05,6.93503981,1.93736291,0,0.025929622679361972
2.45795107e+09,4.49995426e-01,-1.57732433e-15,3.61225103,-3.83933986e-01,-2.85320029,7.51085355e-01,6.82622311e-05,6.93506890,1.93753029,0,0.026955802288267904
2.55149643e+09,4.49995278e-01,-1.57931420e-15,3.61228111,-3.83752526e-01,-2.85351123,7.51223963e-01,6.84158114e-05,6.93511118,1.93779486,0,0.028040279342823642
2.65271810e+09,4.49995117e-01,-1.58151591e-15,3.61231799,-3.83566060e-01,-2.85384650,7.51373199e-01,6.85865358e-05,6.93517655,1.93818737,0,0.029213748326628
2.75393976e+09,4.49994956e-01,-1.58371762e-15,3.61235487,-3.83379595e-01,-2.85418176,7.51522436e-01,6.87572602e-05,6.93524192,1.93857987,0,0.03038721719450175
2.85516143e+09,4.49994795e-01,-1.58591934e-15,3.61239175,-3.83193129e-01,-2.85451702,7.51671672e-01,6.89279846e-05,6.93530729,1.93897238,0,0.03156068617830611
2.96284965e+09,4.49994624e-01,-1.58826203e-15,3.61243203,-3.82993068e-01,-2.85487425,7.51830512e-01,6.91056979e-05,6.93536604,1.93943422,0,0.03280912227001553
3.07802401e+09,4.49994440e-01,-1.59074344e-15,3.61247522,-3.82780357e-01,-2.85525521,7.51999753e-01,6.92989552e-05,6.93542766,1.93994437,0,0.03414434563858391
3.19875964e+09,4.49994247e-01,-1.59332442e-15,3.61252041,-3.82558686e-01,-2.85565354,7.52176619e-01,6.95048154e-05,6.93549290,1.94048590,0,0.035544041148893896
3.31949527e+09,4.49994054e-01,-1.59590540e-15,3.61256561,-3.82337016e-01,-2.85605187,7.52353484e-01,6.97106755e-05,6.93555814,1.94102742,0,0.036943736659203884
3.44115034e+09,4.49993859e-01,-1.59851066e-15,3.61261101,-3.82113966e-01,-2.85645331,7.52531697e-01,6.99175391e-05,6.93562469,1.94157057,0,0.038354091293419545
3.57108430e+09,4.49993650e-01,-1.60133456e-15,3.61265825,-3.81878502e-01,-2.85688274,7.52722048e-01,7.01334382e-05,6.93570302,1.94212831,0,0.039860423603515556
3.71255584e+09,4.49993422e-01,-1.60439560e-15,3.61270905,-3.81628191e-01,-2.85734797,7.52927742e-01,7.03784031e-05,6.93580324,1.94271163,0,0.041500511781087
3.85670761e+09,4.49993189e-01,-1.60751173e-15,3.61276068,-3.81374431e-01,-2.85782150,7.53137000e-01,7.06301203e-05,6.93590854,1.94330089,0,0.04317167202825047
4.00085939e+09,4.49992956e-01,-1.61062786e-15,3.61281231,-3.81120671e-01,-2.85829504,7.53346258e-01,7.08818374e-05,6.93601385,1.94389015,0,0.04484283239134455
4.14866087e+09,4.49992717e-01,-1.61380847e-15,3.61286530,-3.80862074e-01,-2.85878065,7.53560791e-01,7.11376453e-05,6.93612323,1.94450400,0,0.04655630394877273
4.30503266e+09,4.49992464e-01,-1.61713991e-15,3.61292157,-3.80592214e-01,-2.85929493,7.53787930e-01,7.14012649e-05,6.93624222,1.94517679,0,0.048369131631886116
4.47727909e+09,4.49992183e-01,-1.62074377e-15,3.61298494,-3.80302608e-01,-2.85986574,7.54040958e-01,7.16586162e-05,6.93637958,1.94597276,0,0.050365994983143106
4.64952552e+09,4.49991901e-01,-1.62434762e-15,3.61304830,-3.80013003e-01,-2.86043656,7.54293986e-01,7.19159676e-05,6.93651693,1.94676872,0,0.05236285833440009
4.82177194e+09,4.49991620e-01,-1.62795148e-15,3.61311167,-3.79723397e-01,-2.86100737,7.54547014e-01,7.21733189e-05,6.93665428,1.94756469,0,0.05435972156972647
5.00116688e+09,4.49991327e-01,-1.63168568e-15,3.61317692,-3.79427381e-01,-2.86160539,7.54812784e-01,7.24260571e-05,6.93681403,1.94837728,0,0.056439458032693776
5.19295791e+09,4.49991011e-01,-1.63564955e-15,3.61324629,-3.79119452e-01,-2.86224618,7.55097427e-01,7.26926044e-05,6.93700562,1.94924429,0,0.05866290312184209
5.39891497e+09,4.49990671e-01,-1.63987996e-15,3.61332133,-3.78797029e-01,-2.86293097,7.55400079e-01,7.29990379e-05,6.93722584,1.95020181,0,0.06105057585936493
5.60487204e+09,4.49990330e-01,-1.64411037e-15,3.61339637,-3.78474607e-01,-2.86361576,7.55702732e-01,7.33054715e-05,6.93744607,1.95115933,0,0.06343824871281838
5.81082910e+09,4.49989990e-01,-1.64834078e-15,3.61347142,-3.78152185e-01,-2.86430055,7.56005384e-01,7.36119051e-05,6.93766629,1.95211685,0,0.06582592145034122
6.02839244e+09,4.49989629e-01,-1.65272402e-15,3.61355199,-3.77814999e-01,-2.86502256,7.56323718e-01,7.39344896e-05,6.93789849,1.95318867,0,0.0683481464986227
6.26324677e+09,4.49989237e-01,-1.65737809e-15,3.61364033,-3.77459810e-01,-2.86579878,7.56664685e-01,7.42953209e-05,6.93817014,1.95439514,0,0.07107082704684081
6.50964309e+09,4.49988824e-01,-1.66222241e-15,3.61373377,-3.77093481e-01,-2.86661090,7.57020600e-01,7.46847957e-05,6.93847287,1.95568368,0,0.07392731458793289
6.75603942e+09,4.49988411e-01,-1.66706673e-15,3.61382720,-3.76727153e-01,-2.86742302,7.57376516e-01,7.50742705e-05,6.93877560,1.95697221,0,0.07678380224495558
7.00243575e+09,4.49987998e-01,-1.67191104e-15,3.61392063,-3.76360824e-01,-2.86823514,7.57732431e-01,7.54637453e-05,6.93907833,1.95826074,0,0.07964028990197826
7.26589350e+09,4.49987554e-01,-1.67713976e-15,3.61402039,-3.75976568e-01,-2.86910219,7.58111498e-01,7.58747407e-05,6.93942776,1.95963749,0,0.08269457163994882
7.55276502e+09,4.49987067e-01,-1.68279453e-15,3.61413021,-3.75564058e-01,-2.87004819,7.58526498e-01,7.62866540e-05,6.93981559,1.96117725,0,0.08602029063921857
7.84731763e+09,4.49986565e-01,-1.68858634e-15,3.61424338,-3.75142182e-01,-2.87102019,7.58953398e-01,7.66980996e-05,6.94021533,1.96277161,0,0.08943505698256798
8.14187024e+09,4.49986063e-01,-1.69437815e-15,3.61435655,-3.74720305e-01,-2.87199218,7.59380298e-01,7.71095452e-05,6.94061507,1.96436597,0,0.0928498233259174
8.44002854e+09,4.49985554e-01,-1.70026300e-15,3.61447125,-3.74293860e-01,-2.87297801,7.59813429e-01,7.75186222e-05,6.94102154,1.96598967,0,0.0963063906529911
8.75591058e+09,4.49985012e-01,-1.70660520e-15,3.61459347,-3.73844962e-01,-2.87403182,7.60277186e-01,7.79160570e-05,6.94146110,1.96775758,0,0.09996843037710203
9.10207063e+09,4.49984412e-01,-1.71459384e-15,3.61472790,-3.73361018e-01,-2.87518598,7.60785321e-01,7.83288832e-05,6.94197777,1.96974024,0,0.10398148491480295
9.44910807e+09,4.49983809e-01,-1.72263019e-15,3.61486267,-3.72876058e-01,-2.87634303,7.61294741e-01,7.87421555e-05,6.94249667,1.97172911,0,0.10800471108819909
9.79614552e+09,4.49983207e-01,-1.73066654e-15,3.61499744,-3.72391098e-01,-2.87750009,7.61804162e-01,7.91554278e-05,6.94301558,1.97371799,0,0.11202793737752584
1.01650869e+10,4.49982561e-01,-1.73939452e-15,3.61514209,-3.71878774e-01,-2.87872545,7.62339778e-01,7.96112554e-05,6.94359058,1.97586643,0,0.116305097261096
1.05629525e+10,4.49981858e-01,-1.74945756e-15,3.61530210,-3.71328202e-01,-2.88003534,7.62907294e-01,8.01603453e-05,6.94422291,1.97829416,0,0.12091757738835246
1.09608180e+10,4.49981154e-01,-1.75952060e-15,3.61546210,-3.70777630e-01,-2.88134523,7.63474811e-01,8.07094352e-05,6.94485525,1.98072189,0,0.12553005635630285
1.13661908e+10,4.49980435e-01,-1.76938897e-15,3.61562509,-3.70217770e-01,-2.88268431,7.64056157e-01,8.12371595e-05,6.94551015,1.98320509,0,0.13022956791028065
1.18099746e+10,4.49979638e-01,-1.77931738e-15,3.61580528,-3.69605741e-01,-2.88417218,7.64705993e-01,8.16941293e-05,6.94624985,1.98603066,0,0.13537438052614478
1.22580352e+10,4.49978832e-01,-1.78936508e-15,3.61598757,-3.68987407e-01,-2.88567655,7.65363212e-01,8.21473327e-05,6.94699572,1.98890060,0,0.14056877434482778
1.27219188e+10,4.49977993e-01,-1.79942325e-15,3.61617870,-3.68347003e-01,-2.88722745,7.66037368e-01,8.26543124e-05,6.94776800,1.99194927,0,0.14594660516598998
1.32061838e+10,4.49977110e-01,-1.80973882e-15,3.61638083,-3.67678010e-01,-2.88884478,7.66736913e-01,8.32059681e-05,6.94858123,1.99521649,0,0.1515607187983971
1.37081255e+10,4.49976191e-01,-1.82073961e-15,3.61659179,-3.66983916e-01,-2.89053204,7.67465244e-01,8.37497923e-05,6.94944313,1.99865115,0,0.1573797594902572
1.42279731e+10,4.49975231e-01,-1.83325031e-15,3.61681126,-3.66265390e-01,-2.89228856,7.68224774e-01,8.42529387e-05,6.95036446,2.00224647,0,0.16340638437112642
1.47654813e+10,4.49974233e-01,-1.84704627e-15,3.61703918,-3.65522454e-01,-2.89411055,7.69012384e-01,8.47316521e-05,6.95134263,2.00600418,0,0.16963774966316825
1.53239979e+10,4.49973188e-01,-1.86155458e-15,3.61727763,-3.64748932e-01,-2.89599836,7.69821920e-01,8.52498287e-05,6.95237880,2.00997749,0,0.1761126666156337
1.59099141e+10,4.49972080e-01,-1.87778411e-15,3.61753291,-3.63930649e-01,-2.89796504,7.70655671e-01,8.58795655e-05,6.95344341,2.01436092,0,0.18290522879928978
1.65066788e+10,4.49970947e-01,-1.89423546e-15,3.61779404,-3.63095077e-01,-2.89997681,7.71509327e-01,8.64908667e-05,6.95453534,2.01887713,0,0.18982355830402242
1.71436542e+10,4.49969720e-01,-1.91008744e-15,3.61807477,-3.62201243e-01,-2.90215693,7.72440833e-01,8.69713916e-05,6.95579090,2.02377106,0,0.19720805290232707
1.77816036e+10,4.49968490e-01,-1.92597691e-15,3.61835618,-3.61305705e-01,-2.90433988,7.73373180e-01,8.74557295e-05,6.95704612,2.02868360,0,0.2046038391419396
1.84688245e+10,4.49967142e-01,-1.94381761e-15,3.61866969,-3.60327134e-01,-2.90668153,7.74358066e-01,8.80566824e-05,6.95833948,2.03440052,0,0.21257083288124579
1.91609461e+10,4.49965781e-01,-1.96200990e-15,3.61898610,-3.59340932e-01,-2.90904251,7.75351062e-01,8.86480367e-05,6.95965087,2.04017417,0,0.22059464073406077
1.98928374e+10,4.49964319e-01,-1.98343429e-15,3.61932619,-3.58292410e-01,-2.91156987,7.76416969e-01,8.91214506e-05,6.96113340,2.04641759,0,0.22907950114059478
2.06454967e+10,4.49962804e-01,-2.00557293e-15,3.61967986,-3.57208010e-01,-2.91416867,7.77506020e-01,8.96370070e-05,6.96261886,2.05305279,0,0.23780512623571423
2.14243971e+10,4.49961220e-01,-2.02861617e-15,3.62005097,-3.56078400e-01,-2.91684631,7.78615360e-01,9.02396161e-05,6.96410736,2.06018656,0,0.24683496600098198
2.22402685e+10,4.49959537e-01,-2.05177899e-15,3.62044435,-3.54888941e-01,-2.91967559,7.79788869e-01,9.07345229e-05,6.96580929,2.06772336,0,0.2562934128204529
2.30814880e+10,4.49957784e-01,-2.07611755e-15,3.62085571,-3.53652293e-01,-2.92260093,7.80998097e-01,9.12372174e-05,6.96754515,2.07577304,0,0.2660457217066965
2.39501301e+10,4.49955954e-01,-2.10191509e-15,3.62128681,-3.52364378e-01,-2.92562357,7.82240186e-01,9.17815161e-05,6.96930132,2.08440437,0,0.2761159424645311
2.48603212e+10,4.49954003e-01,-2.13140849e-15,3.62174761,-3.50995941e-01,-2.92883615,7.83563852e-01,9.21770026e-05,6.97108709,2.09397354,0,0.28666784330932815
2.57953926e+10,4.49951978e-01,-2.16223282e-15,3.62222676,-3.49581083e-01,-2.93213493,7.84912035e-01,9.26210710e-05,6.97292632,2.10411115,0,0.297508182987013
2.67706957e+10,4.49949830e-01,-2.19528148e-15,3.62273651,-3.48089837e-01,-2.93557120,7.86298889e-01,9.31041605e-05,6.97486254,2.11519609,0,0.3088149312125485
2.77786632e+10,4.49947578e-01,-2.23003193e-15,3.62327046,-3.46531206e-01,-2.93915798,7.87750468e-01,9.34732885e-05,6.97689734,2.12705022,0,0.3205003598162538
2.88198702e+10,4.49945219e-01,-2.26524905e-15,3.62383243,-3.44902877e-01,-2.94286483,7.89237136e-01,9.39002091e-05,6.97916583,2.13944560,0,0.3325711359674474
2.99066665e+10,4.49942707e-01,-2.30392112e-15,3.62443216,-3.43170588e-01,-2.94679695,7.90817667e-01,9.41522409e-05,6.98168061,2.15263064,0,0.34517043164952155
3.10299179e+10,4.49940065e-01,-2.34854803e-15,3.62506639,-3.41353824e-01,-2.95085717,7.92430505e-01,9.44321138e-05,6.98440627,2.16657795,0,0.3581923535256853
3.21919584e+10,4.49937281e-01,-2.39401362e-15,3.62573688,-3.39441713e-01,-2.95509311,7.94106407e-01,9.46403172e-05,6.98732153,2.18125162,0,0.37166395980005823
3.33955806e+10,4.49934342e-01,-2.43989833e-15,3.62644931,-3.37423537e-01,-2.95948956,7.95828260e-01,9.48844289e-05,6.99042382,2.19664669,0,0.3856176252544848
3.46409590e+10,4.49931238e-01,-2.49193285e-15,3.62720692,-3.35292139e-01,-2.96409040,7.97628518e-01,9.50001007e-05,6.99372241,2.21281073,0,0.4000553728780905
3.59292319e+10,4.49927955e-01,-2.55023556e-15,3.62801058,-3.33042381e-01,-2.96885308,7.99467626e-01,9.51608540e-05,6.99721322,2.22973355,0,0.41499039905208757
3.72617257e+10,4.49924479e-01,-2.61176725e-15,3.62887011,-3.30663737e-01,-2.97383929,8.01391311e-01,9.51811781e-05,7.00092719,2.24761196,0,0.43043808081244195
3.76780670e+10,4.49923366e-01,-2.63210073e-15,3.62914713,-3.29904453e-01,-2.97538659,8.01976291e-01,9.52195550e-05,7.00211461,2.25325962,0,0.43526475085480326
3.80944083e+10,4.49922253e-01,-2.65243422e-15,3.62942414,-3.29145170e-01,-2.97693389,8.02561272e-01,9.52579318e-05,7.00330203,2.25890728,0,0.44009142089716463
3.85110856e+10,4.49921138e-01,-2.67281666e-15,3.62970160,-3.28384792e-01,-2.97848314,8.03147117e-01,9.52942567e-05,7.00449132,2.26456181,0,0.44492198620798534
3.89389871e+10,4.49919969e-01,-2.69476378e-15,3.62999406,-3.27588299e-01,-2.98009771,8.03761209e-01,9.52752087e-05,7.00574618,2.27045752,0,0.4498826743528595
3.93676947e+10,4.49918795e-01,-2.71681551e-15,3.63028763,-3.26789262e-01,-2.98171702,8.04377262e-01,9.52536362e-05,7.00700609,2.27637187,0,0.4548527076641179
3.97978583e+10,4.49917614e-01,-2.73907211e-15,3.63058333,-3.25985261e-01,-2.98334010,8.04993189e-01,9.52376370e-05,7.00827473,2.28231802,0,0.4598396204720337
4.02377476e+10,4.49916383e-01,-2.76271288e-15,3.63089379,-3.25149255e-01,-2.98498863,8.05608433e-01,9.52502898e-05,7.00959667,2.28846693,0,0.4649392839122576
4.06784109e+10,4.49915147e-01,-2.78646542e-15,3.63120547,-3.24310819e-01,-2.98663922,8.06223638e-01,9.52643513e-05,7.01092235,2.29463101,0,0.4700479203816112
4.11222445e+10,4.49913895e-01,-2.81096344e-15,3.63152138,-3.23460892e-01,-2.98830873,8.06847477e-01,9.52580392e-05,7.01226805,2.30086706,0,0.4751933103319077
4.15743844e+10,4.49912596e-01,-2.83703565e-15,3.63184908,-3.22581961e-01,-2.99002878,8.07493257e-01,9.52130464e-05,7.01366821,2.30728051,0,0.4804349957238836
4.20265738e+10,4.49911298e-01,-2.86311559e-15,3.63217686,-3.21702862e-01,-2.99174914,8.08139166e-01,9.51678867e-05,7.01506870,2.31369496,0,0.48567725497237363
4.24857132e+10,4.49909959e-01,-2.88982232e-15,3.63251786,-3.20797946e-01,-2.99348677,8.08783971e-01,9.51441747e-05,7.01651745,2.32028468,0,0.4910000859940564
4.29487276e+10,4.49908597e-01,-2.91713991e-15,3.63286657,-3.19879437e-01,-2.99523427,8.09427686e-01,9.51288067e-05,7.01799244,2.32697011,0,0.4963678401266921
4.34144005e+10,4.49907219e-01,-2.94484580e-15,3.63321929,-3.18950171e-01,-2.99699864,8.10078514e-01,9.50975802e-05,7.01948686,2.33373030,0,0.5017664144117067
4.38865520e+10,4.49905801e-01,-2.97363738e-15,3.63358224,-3.17995450e-01,-2.99880471,8.10746979e-01,9.50343359e-05,7.02102834,2.34066871,0,0.50724009550101
4.43602382e+10,4.49904373e-01,-3.00272683e-15,3.63394775,-3.17034921e-01,-3.00062084,8.11419714e-01,9.49654396e-05,7.02258088,2.34764819,0,0.5127315684608629
4.48402122e+10,4.49902904e-01,-3.03340157e-15,3.63432666,-3.16047284e-01,-3.00246919,8.12100897e-01,9.48849825e-05,7.02418519,2.35483094,0,0.5182959362689865
4.53239623e+10,4.49901410e-01,-3.06487855e-15,3.63471413,-3.15045106e-01,-3.00432735,8.12780630e-01,9.48112357e-05,7.02581970,2.36213418,0,0.5239040806343408
4.58107358e+10,4.49899893e-01,-3.09720504e-15,3.63511102,-3.14033688e-01,-3.00620238,8.13465135e-01,9.47308254e-05,7.02748177,2.36954530,0,0.5295472754599932
4.63030456e+10,4.49898338e-01,-3.13096737e-15,3.63552200,-3.13001983e-01,-3.00811244,8.14162515e-01,9.46330270e-05,7.02919334,2.37714542,0,0.5352546529486567
4.67974600e+10,4.49896766e-01,-3.16527189e-15,3.63593770,-3.11960640e-01,-3.01003569,8.14864672e-01,9.45287518e-05,7.03092453,2.38482071,0,0.5409864291932716
4.72977309e+10,4.49895149e-01,-3.20116266e-15,3.63636791,-3.10891216e-01,-3.01199412,8.15577219e-01,9.44112224e-05,7.03271309,2.39271823,0,0.5467861001989949
4.78000749e+10,4.49893517e-01,-3.23760202e-15,3.63680368,-3.09812638e-01,-3.01396706,8.16294259e-01,9.42890851e-05,7.03452202,2.40069195,0,0.5526098047792514
4.83080330e+10,4.49891838e-01,-3.27577338e-15,3.63725132,-3.08704543e-01,-3.01595193,8.17007787e-01,9.41823703e-05,7.03638854,2.40889719,0,0.5584985939626564
4.88190477e+10,4.49890133e-01,-3.31488128e-15,3.63770644,-3.07581800e-01,-3.01794346,8.17718592e-01,9.40818583e-05,7.03828673,2.41722879,0,0.5644228184959811
4.93337243e+10,4.49888395e-01,-3.35530447e-15,3.63817236,-3.06436732e-01,-3.01996273,8.18440283e-01,9.39593107e-05,7.04023695,2.42575786,0,0.5703894956589827
4.98524504e+10,4.49886620e-01,-3.39712677e-15,3.63865129,-3.05269579e-01,-3.02199650,8.19163704e-01,9.38339764e-05,7.04223660,2.43448173,0,0.5764031189220625
5.03741642e+10,4.49884815e-01,-3.44015002e-15,3.63913729,-3.04083130e-01,-3.02403520,8.19883678e-01,9.37197584e-05,7.04426371,2.44331722,0,0.5824513787731667
5.09004298e+10,4.49882967e-01,-3.48497058e-15,3.63963561,-3.02869081e-01,-3.02610084,8.20613396e-01,9.35961511e-05,7.04634108,2.45234086,0,0.5885524079188347
5.14291949e+10,4.49881091e-01,-3.53093145e-15,3.64014251,-3.01636311e-01,-3.02818795,8.21352589e-01,9.34534540e-05,7.04845415,2.46148652,0,0.5946824139201999
5.19620449e+10,4.49879169e-01,-3.57874092e-15,3.64066495,-3.00376175e-01,-3.03029130,8.22093616e-01,9.33051324e-05,7.05062499,2.47083261,0,0.6008597764159991
5.24975419e+10,4.49877217e-01,-3.62795575e-15,3.64119539,-2.99095531e-01,-3.03239849,8.22830602e-01,9.31670676e-05,7.05283553,2.48031115,0,0.6070678257439768
5.30367168e+10,4.49875220e-01,-3.67911666e-15,3.64173884,-2.97787570e-01,-3.03452964,8.23574473e-01,9.30228089e-05,7.05510212,2.48997504,0,0.6133185131906057
5.35861869e+10,4.49873156e-01,-3.73275296e-15,3.64226698,-2.96575456e-01,-3.03571414,8.23984814e-01,9.29842517e-05,7.05724801,2.49938772,0,0.6196885535177202
5.41405530e+10,4.49871048e-01,-3.78823231e-15,3.64279860,-2.95378830e-01,-3.03661154,8.24289888e-01,9.29823925e-05,7.05938764,2.50881340,0,0.6261153534709574
5.46913023e+10,4.49868919e-01,-3.83775104e-15,3.64337058,-2.94009883e-01,-3.03846974,8.24939976e-01,9.28439389e-05,7.06172430,2.51880526,0,0.6325002236415638
5.52483667e+10,4.49866744e-01,-3.88995343e-15,3.64393941,-2.92701966e-01,-3.03974178,8.25389821e-01,9.27571319e-05,7.06399232,2.52867463,0,0.6389583051510033
5.58043555e+10,4.49864531e-01,-3.94729411e-15,3.64453929,-2.91283921e-01,-3.04158800,8.26029201e-01,9.26296461e-05,7.06642708,2.53898720,0,0.6454039171641482
5.63625699e+10,4.49862288e-01,-4.00462974e-15,3.64514232,-2.89852193e-01,-3.04339962,8.26654416e-01,9.25102073e-05,7.06887017,2.54940012,0,0.6518753306936125
5.69317697e+10,4.49859952e-01,-4.07186567e-15,3.64574214,-2.88510456e-01,-3.04431899,8.26964768e-01,9.24896403e-05,7.07123995,2.55978111,0,0.6584740986341893
5.75029787e+10,4.49857582e-01,-4.13521207e-15,3.64635107,-2.87138211e-01,-3.04522297,8.27269003e-01,9.24716901e-05,7.07362388,2.57028782,0,0.6650961593527084
5.80847375e+10,4.49855127e-01,-4.20030661e-15,3.64695561,-2.85851036e-01,-3.04522297,8.27268942e-01,9.25319902e-05,7.07587287,2.58069953,0,0.671840524545016
5.86692425e+10,4.49852617e-01,-4.26439696e-15,3.64757673,-2.84515540e-01,-3.04522297,8.27268888e-01,9.25865481e-05,7.07815749,2.59132590,0,0.6786167266011426
5.92551797e+10,4.49850074e-01,-4.32615661e-15,3.64820769,-2.83152090e-01,-3.04522297,8.27268833e-01,9.26413173e-05,7.08045804,2.60207174,0,0.6854095322390773
5.98361723e+10,4.49847507e-01,-4.39040463e-15,3.64886936,-2.81655562e-01,-3.04596575,8.27522085e-01,9.26209545e-05,7.08295704,2.61323195,0,0.6921450148281302
6.04166034e+10,4.49844909e-01,-4.45695030e-15,3.64954673,-2.80109943e-01,-3.04690016,8.27840693e-01,9.25776937e-05,7.08552717,2.62459474,0,0.6988739879134926
6.10076023e+10,4.49842215e-01,-4.53587291e-15,3.65022692,-2.78662667e-01,-3.04690016,8.27840645e-01,9.26253544e-05,7.08796800,2.63597054,0,0.7057254741477397
6.16002556e+10,4.49839459e-01,-4.61598514e-15,3.65092364,-2.77172323e-01,-3.04690016,8.27840596e-01,9.26732508e-05,7.09044884,2.64758810,0,0.7125961399419248
6.21935421e+10,4.49836665e-01,-4.69454403e-15,3.65163158,-2.75654051e-01,-3.04690016,8.27840550e-01,9.27193701e-05,7.09294663,2.65934815,0,0.7194741464622663
6.27873830e+10,4.49833814e-01,-4.77515872e-15,3.65235946,-2.74098318e-01,-3.04690016,8.27840509e-01,9.27608685e-05,7.09548254,2.67133459,0,0.7263585801755656
6.33816973e+10,4.49830910e-01,-4.85924309e-15,3.65310210,-2.72507782e-01,-3.04690016,8.27840467e-01,9.28021579e-05,7.09805191,2.68353622,0,0.7332485020438909
6.39761379e+10,4.49827959e-01,-4.94695922e-15,3.65385884,-2.70887139e-01,-3.04690016,8.27840426e-01,9.28434387e-05,7.10064671,2.69591865,0,0.7401398881158067
6.45703220e+10,4.49824949e-01,-5.03885873e-15,3.65463387,-2.69229085e-01,-3.04690016,8.27840385e-01,9.28846597e-05,7.10326695,2.70852103,0,0.7470283005676038
6.51637891e+10,4.49821888e-01,-5.13460249e-15,3.65542471,-2.67537697e-01,-3.04690016,8.27840347e-01,9.29221630e-05,7.10591881,2.72136313,0,0.7539084007947422
6.57562318e+10,4.49818774e-01,-5.23439660e-15,3.65623184,-2.65811526e-01,-3.04690016,8.27840312e-01,9.29572987e-05,7.10859530,2.73443855,0,0.7607766250903036
6.63475823e+10,4.49815607e-01,-5.33817282e-15,3.65705284,-2.64048181e-01,-3.04690016,8.27840277e-01,9.29922947e-05,7.11128403,2.74771812,0,0.76763218744476
6.69369324e+10,4.49812381e-01,-5.44664827e-15,3.65789163,-2.62244179e-01,-3.04690016,8.27840242e-01,9.30270345e-05,7.11398890,2.76125047,0,0.7744645590402098
6.75239618e+10,4.49809103e-01,-5.55980009e-15,3.65874596,-2.60402593e-01,-3.04690016,8.27840210e-01,9.30595188e-05,7.11671760,2.77505838,0,0.7812700266192498
6.81084935e+10,4.49805773e-01,-5.67746451e-15,3.65961436,-2.58523149e-01,-3.04690016,8.27840179e-01,9.30901331e-05,7.11945786,2.78910335,0,0.7880465382101022
6.86901358e+10,4.49802393e-01,-5.79981807e-15,3.66049692,-2.56604179e-01,-3.04690016,8.27840149e-01,9.31200510e-05,7.12220773,2.80338943,0,0.794789552810816
6.92680701e+10,4.49798954e-01,-5.92783615e-15,3.66139635,-2.54638171e-01,-3.04690016,8.27840121e-01,9.31486616e-05,7.12495368,2.81788227,0,0.8014895803417457
6.98416480e+10,4.49795460e-01,-6.06178266e-15,3.66230986,-2.52627087e-01,-3.04690016,8.27840094e-01,9.31750099e-05,7.12772121,2.83269258,0,0.8081391038622096
7.04110406e+10,4.49791920e-01,-6.20105126e-15,3.66323551,-2.50576574e-01,-3.04690016,8.27840070e-01,9.31998923e-05,7.13050691,2.84777185,0,0.8147401069449262
7.09760254e+10,4.49788330e-01,-6.34601138e-15,3.66417310,-2.48483954e-01,-3.04690016,8.27840045e-01,9.32241434e-05,7.13330665,2.86308971,0,0.8212900101338472
7.15361112e+10,4.49784690e-01,-6.49708957e-15,3.66512235,-2.46344831e-01,-3.04690016,8.27840022e-01,9.32474208e-05,7.13611830,2.87863387,0,0.8277831189174629
7.20892803e+10,4.49780994e-01,-6.65563031e-15,3.66608506,-2.44152966e-01,-3.04690016,8.27839999e-01,9.32701486e-05,7.13896532,2.89453357,0,0.8341960419768134
7.26363065e+10,4.49777251e-01,-6.82087694e-15,3.66705865,-2.41914611e-01,-3.04690016,8.27839979e-01,9.32904821e-05,7.14184017,2.91068282,0,0.8405377500224164
7.31772221e+10,4.49773460e-01,-6.99315467e-15,3.66804178,-2.39627752e-01,-3.04690016,8.27839960e-01,9.33098970e-05,7.14473900,2.92703495,0,0.8468086175101384
7.37114389e+10,4.49769623e-01,-7.17286452e-15,3.66903346,-2.37291498e-01,-3.04690016,8.27839941e-01,9.33288252e-05,7.14767099,2.94362758,0,0.8530018254015633
7.42384146e+10,4.49765742e-01,-7.36039566e-15,3.67003284,-2.34906102e-01,-3.04690016,8.27839922e-01,9.33472323e-05,7.15064685,2.96049603,0,0.8591110867797701
7.47578183e+10,4.49761816e-01,-7.55606599e-15,3.67103915,-2.32470502e-01,-3.04690016,8.27839904e-01,9.33650942e-05,7.15367035,2.97762814,0,0.8651325655009098
7.52694614e+10,4.49757845e-01,-7.76017441e-15,3.67205164,-2.29981817e-01,-3.04690016,8.27839887e-01,9.33823884e-05,7.15674312,2.99497379,0,0.8710640751136983
7.57732613e+10,4.49753829e-01,-7.97319699e-15,3.67307015,-2.27438160e-01,-3.04690016,8.27839871e-01,9.33985412e-05,7.15986914,3.01246251,0,0.8769046580313062
7.62690160e+10,4.49749766e-01,-8.19575335e-15,3.67409357,-2.24838378e-01,-3.04690016,8.27839856e-01,9.34130008e-05,7.16304698,3.03008171,0,0.8826519724554334
7.67562300e+10,4.49745662e-01,-8.42812908e-15,3.67512035,-2.22180563e-01,-3.04690016,8.27839843e-01,9.34269034e-05,7.16627174,3.04785431,0,0.8883002740244081
7.72345265e+10,4.49741516e-01,-8.67109314e-15,3.67614935,-2.19466758e-01,-3.04690016,8.27839830e-01,9.34394278e-05,7.16955239,3.06582499,0,0.893845194472887
7.77041603e+10,4.49737328e-01,-8.92567890e-15,3.67717847,-2.16698732e-01,-3.04690016,8.27839818e-01,9.34514303e-05,7.17290626,3.08401851,0,0.8992896877127851
7.81647059e+10,4.49733099e-01,-9.19093678e-15,3.67820797,-2.13874853e-01,-3.04690016,8.27839807e-01,9.34629019e-05,7.17632919,3.10238680,0,0.9046288208966928
7.86161903e+10,4.49728832e-01,-9.46719447e-15,3.67923690,-2.10995420e-01,-3.04690016,8.27839796e-01,9.34738447e-05,7.17982522,3.12091774,0,0.9098629070372547
7.90585693e+10,4.49724525e-01,-9.75508261e-15,3.68026476,-2.08060584e-01,-3.04690016,8.27839785e-01,9.34842613e-05,7.18339628,3.13958845,0,0.9149914337211791
7.94917813e+10,4.49720182e-01,-1.00551913e-14,3.68129125,-2.05072718e-01,-3.04690016,8.27839775e-01,9.34941565e-05,7.18705202,3.15840123,0,0.9200136868159151
7.99152794e+10,4.49715800e-01,-1.03687096e-14,3.68231751,-2.02033544e-01,-3.04690016,8.27839766e-01,9.35035012e-05,7.19080631,3.17733614,0,0.9249233260764615
8.03294471e+10,4.49711382e-01,-1.06951750e-14,3.68334718,-1.98951508e-01,-3.04690016,8.27839757e-01,9.35123312e-05,7.19465804,3.19629574,0,0.9297247974416701
8.07341890e+10,4.49706929e-01,-1.10352359e-14,3.68438528,-1.95839589e-01,-3.04690016,8.27839749e-01,9.35206578e-05,7.19861753,3.21523026,0,0.9344169949335317
8.11298560e+10,4.49702437e-01,-1.13891480e-14,3.68542459,-1.92683372e-01,-3.04690016,8.27839741e-01,9.35284982e-05,7.20269818,3.23415899,0,0.9390039865571131
8.15171876e+10,4.49697902e-01,-1.17576731e-14,3.68645596,-1.89465635e-01,-3.04690016,8.27839734e-01,9.35358811e-05,7.20691158,3.25311473,0,0.9434943453809432
8.18960098e+10,4.49693318e-01,-1.21440533e-14,3.68747720,-1.86181686e-01,-3.04690016,8.27839727e-01,9.35427887e-05,7.21129434,3.27209430,0,0.9478860542124269
8.22667454e+10,4.49688681e-01,-1.25481336e-14,3.68848829,-1.82831911e-01,-3.04690016,8.27839712e-01,9.35571761e-05,7.21587272,3.29103979,0,0.9521840145977091
8.26306594e+10,4.49683986e-01,-1.29699715e-14,3.68949090,-1.79418606e-01,-3.04690016,8.27839705e-01,9.35640284e-05,7.22065971,3.30981199,0,0.9564028917588168
8.29867185e+10,4.49679233e-01,-1.34109337e-14,3.69048364,-1.75945491e-01,-3.04690016,8.27839699e-01,9.35701061e-05,7.22574974,3.32853114,0,0.9605307065859313
8.33360973e+10,4.49674407e-01,-1.38719988e-14,3.69146707,-1.72408868e-01,-3.04690016,8.27839694e-01,9.35757693e-05,7.23117844,3.34701776,0,0.9645810762883753
8.36797432e+10,4.49669509e-01,-1.43523864e-14,3.69244353,-1.68817693e-01,-3.04690016,8.27839688e-01,9.35810809e-05,7.23696225,3.36522185,0,0.968564984132037
8.40174594e+10,4.49664511e-01,-1.48568577e-14,3.69341247,-1.65166210e-01,-3.04690016,8.27839683e-01,9.35860112e-05,7.24317582,3.38304432,0,0.972480148602533
8.43505804e+10,4.49659424e-01,-1.53934512e-14,3.69437473,-1.61466800e-01,-3.04690016,8.27839657e-01,9.36126259e-05,7.24962288,3.40060296,0,0.9763420406396224
8.46777064e+10,4.49654235e-01,-1.60001024e-14,3.69532207,-1.57705582e-01,-3.04690016,8.27839650e-01,9.36189980e-05,7.25591890,3.41823201,0,0.9801344322766699
8.49959253e+10,4.49648998e-01,-1.66486425e-14,3.69624714,-1.53892168e-01,-3.04690016,8.27839646e-01,9.36235110e-05,7.26127689,3.43673864,0,0.9838235633610547
8.53012490e+10,4.49643786e-01,-1.73014206e-14,3.69713168,-1.50016319e-01,-3.04690016,8.27839626e-01,9.36433868e-05,7.26502195,3.45686266,0,0.9873631996066372
8.55927419e+10,4.49638626e-01,-1.79505565e-14,3.69796689,-1.46053744e-01,-3.04690016,8.27839622e-01,9.36472228e-05,7.26720237,3.47832889,0,0.9907424945456477
8.58696855e+10,4.49633546e-01,-1.86063918e-14,3.69875455,-1.42031627e-01,-3.04690016,8.27839619e-01,9.36505992e-05,7.26847754,3.50119027,0,0.9939531185638358
8.61352058e+10,4.49628499e-01,-1.92829203e-14,3.69950230,-1.37932848e-01,-3.04690016,8.27839542e-01,9.37278182e-05,7.26936343,3.52474182,0,0.9970313115695473
8.63912804e+10,4.49623457e-01,-1.99867691e-14,3.70021034,-1.33745521e-01,-3.04690016,8.27839538e-01,9.37311129e-05,7.27015809,3.54871826,2,2.0
