star_age,star_mass,star_mdot,log_L,log_Teff,log_R,log_surf_z,v_wind_Km_per_s,log_center_T,log_center_Rho,phase,x
3.24800872e+03,8.49999942e-01,-1.54909491e-11,1.43722977,3.58383080,1.07363043,-1.34509847,3.66173637e-05,5.79904478,-2.26494934,-1,-1.0
3.42150351e+03,8.49999939e-01,-1.52622896e-11,1.43325429,3.58406889,1.07116651,-1.34509847,3.65894904e-05,5.80135545,-2.25803608,-1,-0.9999979303307484
3.60405594e+03,8.49999936e-01,-1.50294140e-11,1.42912500,3.58431365,1.06861235,-1.34509847,3.65606255e-05,5.80375118,-2.25086877,-1,-0.9999957526103039
3.79664674e+03,8.49999933e-01,-1.47914117e-11,1.42493622,3.58459240,1.06596046,-1.34509847,3.65474992e-05,5.80623935,-2.24342497,-1,-0.9999934551392565
3.99952349e+03,8.49999930e-01,-1.45515147e-11,1.42046342,3.58484809,1.06321267,-1.34509847,3.65172321e-05,5.80881837,-2.23570763,-1,-0.999991034964153
4.21314769e+03,8.49999927e-01,-1.43032163e-11,1.41584399,3.58511569,1.06036777,-1.34509847,3.64775297e-05,5.81148938,-2.22771587,-1,-0.9999884865796271
4.43795095e+03,8.49999924e-01,-1.40511349e-11,1.41106486,3.58539213,1.05742532,-1.34509847,3.64368338e-05,5.81425256,-2.21944740,-1,-0.9999858048368793
4.67436402e+03,8.49999921e-01,-1.37952740e-11,1.40613428,3.58567969,1.05438491,-1.34509847,3.63962484e-05,5.81710861,-2.21090058,-1,-0.9999829845973685
4.92280642e+03,8.49999918e-01,-1.35360777e-11,1.40102648,3.58597189,1.05124662,-1.34509847,3.63514300e-05,5.82005756,-2.20207520,-1,-0.9999800208565203
5.18556958e+03,8.49999914e-01,-1.32723725e-11,1.39573977,3.58627538,1.04799629,-1.34509847,3.63032031e-05,5.82311317,-2.19293094,-1,-0.9999768862792069
5.46201411e+03,8.49999910e-01,-1.30067259e-11,1.39032708,3.58659892,1.04464285,-1.34509847,3.62635128e-05,5.82626681,-2.18349106,-1,-0.9999735884928957
5.75199054e+03,8.49999907e-01,-1.27380647e-11,1.38464983,3.58690492,1.04119223,-1.34509847,3.62025978e-05,5.82951348,-2.17377376,-1,-0.9999701292806573
6.05896201e+03,8.49999903e-01,-1.24654765e-11,1.37891351,3.58725521,1.03762349,-1.34509847,3.61590965e-05,5.83287235,-2.16371886,-1,-0.9999664673296985
6.38088048e+03,8.49999899e-01,-1.21925366e-11,1.37288247,3.58758011,1.03395816,-1.34509847,3.60942704e-05,5.83626419,-2.15348939,-1,-0.9999626270716775
6.72071984e+03,8.49999895e-01,-1.19159705e-11,1.36675597,3.58793869,1.03017776,-1.34509847,3.60384115e-05,5.83981528,-2.14284722,-1,-0.9999585730302052
7.07740490e+03,8.49999891e-01,-1.16387876e-11,1.36038654,3.58828662,1.02629718,-1.34509847,3.59687285e-05,5.84344936,-2.13194313,-1,-0.9999543180315323
7.45427080e+03,8.49999886e-01,-1.13598129e-11,1.35385083,3.58865125,1.02230006,-1.34509847,3.58985500e-05,5.84720711,-2.12068415,-1,-0.9999498222898145
7.84989314e+03,8.49999882e-01,-1.10805504e-11,1.34713410,3.58902175,1.01820071,-1.34509847,3.58248789e-05,5.85106409,-2.10912899,-1,-0.9999451027971291
8.26662198e+03,8.49999877e-01,-1.08001403e-11,1.34015989,3.58938254,1.01399202,-1.34509847,3.57326281e-05,5.85502937,-2.09725161,-1,-0.9999401315189345
8.70592537e+03,8.49999873e-01,-1.05185572e-11,1.33307426,3.58977111,1.00967207,-1.34509847,3.56453003e-05,5.85910338,-2.08504966,-1,-0.9999348909424398
9.16785138e+03,8.49999868e-01,-1.02388180e-11,1.32580487,3.59016617,1.00524725,-1.34509847,3.55577308e-05,5.86327464,-2.07254959,-1,-0.9999293804942042
9.65387119e+03,8.49999863e-01,-9.96247918e-12,1.31842883,3.59058882,1.00071392,-1.34509847,3.54889446e-05,5.86755306,-2.05972741,-1,-0.9999235826240985
1.01653011e+04,8.49999858e-01,-9.68443410e-12,1.31076998,3.59099355,9.96075044e-01,-1.34509847,3.53884936e-05,5.87193285,-2.04660168,-1,-0.9999174816296013
1.07037151e+04,8.49999853e-01,-9.40774197e-12,1.30297612,3.59141797,9.91329267e-01,-1.34509847,3.52911488e-05,5.87641650,-2.03316199,-1,-0.999911058734133
1.12708280e+04,8.49999848e-01,-9.13412245e-12,1.29498781,3.59184708,9.86476900e-01,-1.34509847,3.51916939e-05,5.88100203,-2.01941588,-1,-0.9999042934812321
1.18675974e+04,8.49999843e-01,-8.86379581e-12,1.28689402,3.59230225,9.81519654e-01,-1.34509847,3.51045296e-05,5.88568955,-2.00536328,-1,-0.9998971744474128
1.24953735e+04,8.49999837e-01,-8.59309125e-12,1.27847559,3.59272620,9.76462555e-01,-1.34509847,3.49760211e-05,5.89047337,-1.99101637,-1,-0.9998896855257507
1.31565548e+04,8.49999832e-01,-8.32627694e-12,1.26992244,3.59316767,9.71303025e-01,-1.34509847,3.48534429e-05,5.89535549,-1.97637267,-1,-0.9998817981038496
1.38524665e+04,8.49999826e-01,-8.06251310e-12,1.26125961,3.59363211,9.66042732e-01,-1.34509847,3.47355269e-05,5.90033505,-1.96143572,-1,-0.9998734963730176
1.45847177e+04,8.49999820e-01,-7.80358440e-12,1.25243695,3.59410583,9.60683963e-01,-1.34509847,3.46206546e-05,5.90540925,-1.94621453,-1,-0.9998647611378378
1.53548424e+04,8.49999814e-01,-7.54749087e-12,1.24333077,3.59455613,9.55230274e-01,-1.34509847,3.44782929e-05,5.91057579,-1.93071216,-1,-0.9998555740987831
1.61649062e+04,8.49999808e-01,-7.29394029e-12,1.23416784,3.59503959,9.49681889e-01,-1.34509847,3.43411867e-05,5.91583366,-1.91493466,-1,-0.999845910614717
1.70177708e+04,8.49999802e-01,-7.04751210e-12,1.22478888,3.59551630,9.44038989e-01,-1.34509847,3.42046060e-05,5.92118371,-1.89887672,-1,-0.9998357365475969
1.79155196e+04,8.49999796e-01,-6.80305725e-12,1.21517220,3.59597864,9.38305981e-01,-1.34509847,3.40380816e-05,5.92662187,-1.88255196,-1,-0.9998250270439453
1.88590932e+04,8.49999790e-01,-6.56331991e-12,1.20541955,3.59644994,9.32487040e-01,-1.34509847,3.38693969e-05,5.93214416,-1.86596940,-1,-0.9998137708830739
1.98530140e+04,8.49999783e-01,-6.33016891e-12,1.19563468,3.59695814,9.26578201e-01,-1.34509847,3.37232562e-05,5.93775446,-1.84911866,-1,-0.9998019141159726
2.08982022e+04,8.49999777e-01,-6.10067376e-12,1.18554896,3.59743153,9.20588577e-01,-1.34509847,3.35409947e-05,5.94344414,-1.83203139,-1,-0.9997894457653108
2.19976847e+04,8.49999770e-01,-5.87599762e-12,1.17535544,3.59791839,9.14518092e-01,-1.34509847,3.33570838e-05,5.94921289,-1.81470148,-1,-0.9997763297223278
2.31549146e+04,8.49999764e-01,-5.65696919e-12,1.16500181,3.59840463,9.08368800e-01,-1.34509847,3.31668586e-05,5.95505861,-1.79713661,-1,-0.9997625247940005
2.43721905e+04,8.49999757e-01,-5.44318974e-12,1.15454231,3.59890219,9.02143934e-01,-1.34509847,3.29751865e-05,5.96097838,-1.77934286,-1,-0.9997480035596684
2.56525177e+04,8.49999750e-01,-5.23518388e-12,1.14388538,3.59938594,8.95847963e-01,-1.34509847,3.27699452e-05,5.96696815,-1.76133730,-1,-0.9997327301682434
2.70003287e+04,8.49999744e-01,-5.03270652e-12,1.13309550,3.59987115,8.89482609e-01,-1.34509847,3.25582024e-05,5.97302648,-1.74312363,-1,-0.999716651743158
2.84165870e+04,8.49999737e-01,-4.83501898e-12,1.12210683,3.60033755,8.83055467e-01,-1.34509847,3.23246307e-05,5.97914628,-1.72471846,-1,-0.9996997567905437
2.99087888e+04,8.49999730e-01,-4.64345272e-12,1.11120818,3.60085973,8.76561776e-01,-1.34509847,3.21173228e-05,5.98533229,-1.70611010,-1,-0.9996819558860744
3.14779543e+04,8.49999722e-01,-4.45992165e-12,1.10007640,3.60135248,8.70010402e-01,-1.34509847,3.19047960e-05,5.99157698,-1.68732220,-1,-0.9996632368594911
3.31277198e+04,8.49999715e-01,-4.27974485e-12,1.08880398,3.60183606,8.63407013e-01,-1.34509847,3.16658615e-05,5.99787482,-1.66837669,-1,-0.999643556332325
3.48636686e+04,8.49999708e-01,-4.10580744e-12,1.07743118,3.60231906,8.56754623e-01,-1.34509847,3.14250721e-05,6.00422282,-1.64927643,-1,-0.9996228476997847
3.66913154e+04,8.49999701e-01,-3.93812862e-12,1.06599841,3.60280900,8.50058352e-01,-1.34509847,3.11867265e-05,6.01061609,-1.63003877,-1,-0.9996010451754276
3.86132672e+04,8.49999693e-01,-3.77546880e-12,1.05443171,3.60328221,8.43328588e-01,-1.34509847,3.09301847e-05,6.01704413,-1.61069336,-1,-0.9995781176596008
4.06354520e+04,8.49999686e-01,-3.61997386e-12,1.04292175,3.60378460,8.36568826e-01,-1.34509847,3.06969080e-05,6.02350365,-1.59125321,-1,-0.9995539944354873
4.27621052e+04,8.49999679e-01,-3.46932244e-12,1.03124433,3.60425238,8.29794553e-01,-1.34509847,3.04355254e-05,6.02998005,-1.57175855,-1,-0.9995286249777823
4.50009515e+04,8.49999671e-01,-3.32464637e-12,1.01954212,3.60471622,8.23015778e-01,-1.34509847,3.01711462e-05,6.03646413,-1.55223980,-1,-0.9995019171363178
4.73580169e+04,8.49999663e-01,-3.18618957e-12,1.00788964,3.60518795,8.16246067e-01,-1.34509847,2.99122166e-05,6.04294345,-1.53273517,-1,-0.9994737990252063
4.98380605e+04,8.49999656e-01,-3.05411575e-12,9.96211116e-01,3.60563887,8.09504963e-01,-1.34509847,2.96478569e-05,6.04939984,-1.51329961,-1,-0.9994442138717752
5.24478873e+04,8.49999648e-01,-2.92770993e-12,9.84552732e-01,3.60606925,8.02815022e-01,-1.34509847,2.93717763e-05,6.05581067,-1.49400194,-1,-0.9994130804972222
5.51950248e+04,8.49999640e-01,-2.80757746e-12,9.73023789e-01,3.60649405,7.96200945e-01,-1.34509847,2.90975264e-05,6.06215209,-1.47491616,-1,-0.9993803091038347
5.80882910e+04,8.49999632e-01,-2.69434201e-12,9.61717512e-01,3.60692231,7.89691279e-01,-1.34509847,2.88359801e-05,6.06839621,-1.45612433,-1,-0.9993457944991544
6.11377803e+04,8.49999624e-01,-2.58779317e-12,9.50526365e-01,3.60730629,7.83327749e-01,-1.34509847,2.85628238e-05,6.07450320,-1.43774497,-1,-0.9993094162641802
6.43495813e+04,8.49999616e-01,-2.48781829e-12,9.39690833e-01,3.60768993,7.77142706e-01,-1.34509847,2.82993043e-05,6.08044204,-1.41987113,-1,-0.9992711017662517
6.77318987e+04,8.49999608e-01,-2.39528575e-12,9.29217478e-01,3.60805536,7.71175162e-01,-1.34509847,2.80484271e-05,6.08617519,-1.40261583,-1,-0.9992307531291424
7.13030202e+04,8.49999600e-01,-2.30958434e-12,9.19185698e-01,3.60839455,7.65480911e-01,-1.34509847,2.77980466e-05,6.09164817,-1.38614513,-1,-0.9991881521936191
7.50630845e+04,8.49999591e-01,-2.23114101e-12,9.09703396e-01,3.60872488,7.60079097e-01,-1.34509847,2.75670349e-05,6.09684256,-1.37051376,-1,-0.9991432973050897
7.90319691e+04,8.49999583e-01,-2.16012170e-12,9.00761657e-01,3.60902140,7.55015175e-01,-1.34509847,2.73471663e-05,6.10171396,-1.35585682,-1,-0.9990959513391393
8.32186911e+04,8.49999574e-01,-2.09575602e-12,8.92446584e-01,3.60930037,7.50299697e-01,-1.34509847,2.71413411e-05,6.10625214,-1.34220377,-1,-0.9990460067281883
8.76325266e+04,8.49999565e-01,-2.03802326e-12,8.84709441e-01,3.60955256,7.45926745e-01,-1.34509847,2.69523378e-05,6.11046218,-1.32953969,-1,-0.9989933528149721
9.22855067e+04,8.49999555e-01,-1.98548844e-12,8.77480218e-01,3.60977057,7.41876120e-01,-1.34509847,2.67655175e-05,6.11436343,-1.31780435,-1,-0.9989378460770381
9.71870955e+04,8.49999546e-01,-1.93799061e-12,8.70761429e-01,3.60997837,7.38101122e-01,-1.34509847,2.65979212e-05,6.11800038,-1.30686612,-1,-0.9988793736144153
1.02358983e+05,8.49999536e-01,-1.89440864e-12,8.64413197e-01,3.61016650,7.34550744e-01,-1.34509847,2.64384106e-05,6.12142192,-1.29657545,-1,-0.998817676680855
1.07813320e+05,8.49999526e-01,-1.85385281e-12,8.58347463e-01,3.61035433,7.31142221e-01,-1.34509847,2.62940782e-05,6.12470753,-1.28669456,-1,-0.9987526103259692
1.13540269e+05,8.49999515e-01,-1.81526632e-12,8.52403422e-01,3.61054407,7.27790731e-01,-1.34509847,2.61618806e-05,6.12793908,-1.27697763,-1,-0.998684291904125
1.19597976e+05,8.49999505e-01,-1.77715714e-12,8.46328429e-01,3.61071755,7.24406264e-01,-1.34509847,2.60214749e-05,6.13120334,-1.26716125,-1,-0.9986120277749639
1.25945861e+05,8.49999493e-01,-1.73864104e-12,8.40062580e-01,3.61089931,7.20909832e-01,-1.34509847,2.58792859e-05,6.13457655,-1.25701721,-1,-0.9985363020289779
1.32654908e+05,8.49999482e-01,-1.69852401e-12,8.33376246e-01,3.61109608,7.17173107e-01,-1.34509847,2.57297824e-05,6.13818252,-1.24617298,-1,-0.9984562678776141
1.39681950e+05,8.49999470e-01,-1.65603949e-12,8.26111520e-01,3.61129665,7.13139605e-01,-1.34509847,2.55626197e-05,6.14207618,-1.23446485,-1,-0.9983724402724314
1.47089363e+05,8.49999458e-01,-1.60947760e-12,8.17992167e-01,3.61151210,7.08649033e-01,-1.34509847,2.53654431e-05,6.14641245,-1.22142755,-1,-0.998284075112185
1.54863454e+05,8.49999446e-01,-1.55875346e-12,8.09025425e-01,3.61179358,7.03602709e-01,-1.34509847,2.51611348e-05,6.15128693,-1.20677255,-1,-0.9981913357446102
1.63010316e+05,8.49999434e-01,-1.50267487e-12,7.98723215e-01,3.61208225,6.97874251e-01,-1.34509847,2.49127240e-05,6.15682220,-1.19013377,-1,-0.9980941494845574
1.71540253e+05,8.49999421e-01,-1.44027707e-12,7.86866915e-01,3.61239692,6.91316772e-01,-1.34509847,2.46136829e-05,6.16316064,-1.17107992,-1,-0.997992393412647
1.80449522e+05,8.49999409e-01,-1.37161825e-12,7.73203150e-01,3.61273093,6.83816867e-01,-1.34509847,2.42585194e-05,6.17041333,-1.14927858,-1,-0.9978861121802027
1.89746544e+05,8.49999397e-01,-1.29727361e-12,7.57725843e-01,3.61312255,6.75294964e-01,-1.34509847,2.38585385e-05,6.17865911,-1.12449248,-1,-0.9977752053306933
1.99423171e+05,8.49999385e-01,-1.21947990e-12,7.40444914e-01,3.61352585,6.65847911e-01,-1.34509847,2.34110394e-05,6.18780614,-1.09700256,-1,-0.9976597700639543
2.09513103e+05,8.49999373e-01,-1.14079403e-12,7.21838742e-01,3.61394354,6.55709442e-01,-1.34509847,2.29270565e-05,6.19762938,-1.06748479,-1,-0.9975394043629929
2.20069080e+05,8.49999361e-01,-1.06478627e-12,7.02512621e-01,3.61434349,6.45246491e-01,-1.34509847,2.24245532e-05,6.20777417,-1.03700556,-1,-0.9974134790771795
2.31150769e+05,8.49999350e-01,-9.93842761e-13,6.83117923e-01,3.61473298,6.34770150e-01,-1.34509847,2.19311525e-05,6.21793913,-1.00646788,-1,-0.9972812824217092
2.42803062e+05,8.49999339e-01,-9.28460136e-13,6.63912057e-01,3.61510282,6.24427531e-01,-1.34509847,2.14509823e-05,6.22798167,-9.76297936e-01,-1,-0.997142278867002
2.55062299e+05,8.49999328e-01,-8.68051940e-13,6.44865557e-01,3.61542861,6.14252710e-01,-1.34509847,2.09698864e-05,6.23798183,-9.46396139e-01,-1,-0.9969960349027456
2.67961436e+05,8.49999317e-01,-8.12373665e-13,6.26070278e-01,3.61573579,6.04240720e-01,-1.34509847,2.05019100e-05,6.24771212,-9.17173243e-01,-1,-0.9968421573873368
2.81530686e+05,8.49999307e-01,-7.60790213e-13,6.07487430e-01,3.61602097,5.94378925e-01,-1.34509847,2.00406812e-05,6.25730263,-8.88373182e-01,-1,-0.9966802859012087
2.95801413e+05,8.49999296e-01,-7.13137758e-13,5.89042103e-01,3.61626886,5.84660489e-01,-1.34509847,1.95867994e-05,6.26675871,-8.59980294e-01,-1,-0.9965100462941842
3.10818582e+05,8.49999286e-01,-6.68839298e-13,5.70822944e-01,3.61650729,5.75074051e-01,-1.34509847,1.91415659e-05,6.27609019,-8.31959634e-01,-1,-0.9963309021658449
3.26611709e+05,8.49999276e-01,-6.27763407e-13,5.52701415e-01,3.61670583,5.65616209e-01,-1.34509847,1.87006547e-05,6.28530068,-8.04301884e-01,-1,-0.9961425014113374
3.43223771e+05,8.49999266e-01,-5.89497984e-13,5.34743343e-01,3.61688627,5.56276285e-01,-1.34509847,1.82661349e-05,6.29440135,-7.76980283e-01,-1,-0.9959443313456675
3.60694551e+05,8.49999256e-01,-5.53931241e-13,5.16912747e-01,3.61704310,5.47047316e-01,-1.34509847,1.78401621e-05,6.30339867,-7.49972414e-01,-1,-0.9957359173859853
3.79078372e+05,8.49999246e-01,-5.20834511e-13,4.99265417e-01,3.61719421,5.37921437e-01,-1.34509847,1.74266215e-05,6.31230079,-7.23253677e-01,-1,-0.9955166114975992
3.98408057e+05,8.49999236e-01,-4.89879805e-13,4.81661985e-01,3.61730415,5.28899843e-01,-1.34509847,1.70117280e-05,6.32110509,-6.96830524e-01,-1,-0.9952860221255014
4.18739567e+05,8.49999227e-01,-4.61025501e-13,4.64193940e-01,3.61740038,5.19973367e-01,-1.34509847,1.66068821e-05,6.32981938,-6.70678271e-01,-1,-0.995043481694827
4.40114478e+05,8.49999217e-01,-4.33983243e-13,4.46766770e-01,3.61746030,5.11139936e-01,-1.34509847,1.62017380e-05,6.33844524,-6.44788101e-01,-1,-0.9947884942335137
4.62594997e+05,8.49999208e-01,-4.08722376e-13,4.29482478e-01,3.61751455,5.02389283e-01,-1.34509847,1.58078832e-05,6.34699466,-6.19135723e-01,-1,-0.994520317656366
4.86237131e+05,8.49999199e-01,-3.85093505e-13,4.12278245e-01,3.61754768,4.93720907e-01,-1.34509847,1.54203202e-05,6.35546699,-5.93722010e-01,-1,-0.9942382838397719
5.11112039e+05,8.49999189e-01,-3.62967918e-13,3.95163484e-01,3.61756351,4.85131875e-01,-1.34509847,1.50391074e-05,6.36386495,-5.68528216e-01,-1,-0.9939415439075531
5.37256437e+05,8.49999180e-01,-3.42224833e-13,3.78066996e-01,3.61754557,4.76619505e-01,-1.34509847,1.46608209e-05,6.37219058,-5.43547124e-01,-1,-0.993629659863985
5.64741608e+05,8.49999171e-01,-3.22727884e-13,3.61033978e-01,3.61750752,4.68179100e-01,-1.34509847,1.42866280e-05,6.38044895,-5.18769270e-01,-1,-0.993301781353658
5.93666931e+05,8.49999162e-01,-3.04461363e-13,3.44074800e-01,3.61745349,4.59807577e-01,-1.34509847,1.39198897e-05,6.38864213,-4.94194001e-01,-1,-0.9929567228558969
6.24062203e+05,8.49999153e-01,-2.87272736e-13,3.27134205e-01,3.61737043,4.51503390e-01,-1.34509847,1.35554914e-05,6.39677231,-4.69808124e-01,-1,-0.9925941289137181
6.56043026e+05,8.49999144e-01,-2.71170931e-13,3.10320240e-01,3.61728880,4.43259664e-01,-1.34509847,1.32029797e-05,6.40484651,-4.45589183e-01,-1,-0.9922126204776137
6.89662474e+05,8.49999136e-01,-2.56009857e-13,2.93480104e-01,3.61716867,4.35079869e-01,-1.34509847,1.28508375e-05,6.41286075,-4.21551339e-01,-1,-0.991811564412572
7.25012150e+05,8.49999127e-01,-2.41744099e-13,2.76727013e-01,3.61704166,4.26957347e-01,-1.34509847,1.25062711e-05,6.42082046,-3.97681130e-01,-1,-0.9913898679600587
7.62199942e+05,8.49999118e-01,-2.28359148e-13,2.60014212e-01,3.61689644,4.18891377e-01,-1.34509847,1.21689572e-05,6.42872617,-3.73971542e-01,-1,-0.9909462440930901
8.01283865e+05,8.49999110e-01,-2.15744642e-13,2.43333010e-01,3.61673225,4.10879152e-01,-1.34509847,1.18365367e-05,6.43658166,-3.50410615e-01,-1,-0.9904800007340446
8.42392327e+05,8.49999101e-01,-2.03848658e-13,2.26632997e-01,3.61653558,4.02922496e-01,-1.34509847,1.15058436e-05,6.44438541,-3.27002103e-01,-1,-0.9899896060669569
8.85600937e+05,8.49999093e-01,-1.92637840e-13,2.09964420e-01,3.61632126,3.95016850e-01,-1.34509847,1.11808355e-05,6.45214175,-3.03743252e-01,-1,-0.9894741581303186
9.31042544e+05,8.49999084e-01,-1.82076101e-13,1.93311182e-01,3.61608546,3.87161833e-01,-1.34509847,1.08609826e-05,6.45984955,-2.80629717e-01,-1,-0.9889320721301977
9.78822828e+05,8.49999076e-01,-1.72119074e-13,1.76679965e-01,3.61583076,3.79355614e-01,-1.34509847,1.05465928e-05,6.46751098,-2.57652573e-01,-1,-0.9883620873794781
1.02903605e+06,8.49999067e-01,-1.62736289e-13,1.60040277e-01,3.61555006,3.71597176e-01,-1.34509847,1.02373601e-05,6.47512735,-2.34812446e-01,-1,-0.9877630794115785
1.08188252e+06,8.49999059e-01,-1.53877717e-13,1.43470249e-01,3.61526438,3.63883516e-01,-1.34509847,9.93501590e-06,6.48270066,-2.12101373e-01,-1,-0.9871326586708946
1.13741088e+06,8.49999051e-01,-1.45533311e-13,1.26909827e-01,3.61495935,3.56213370e-01,-1.34509847,9.63942944e-06,6.49023273,-1.89509224e-01,-1,-0.9864702448930176
1.19581438e+06,8.49999043e-01,-1.37655663e-13,1.10356105e-01,3.61463397,3.48587266e-01,-1.34509847,9.34891234e-06,6.49772317,-1.67044325e-01,-1,-0.9857735327431137
1.25722584e+06,8.49999034e-01,-1.30219290e-13,9.38055107e-02,3.61428804,3.41003827e-01,-1.34509847,9.06375674e-06,6.50517279,-1.44694916e-01,-1,-0.9850409377732003
1.32176541e+06,8.49999026e-01,-1.23199359e-13,7.72753921e-02,3.61392701,3.33460828e-01,-1.34509847,8.78505335e-06,6.51258474,-1.22456401e-01,-1,-0.9842710266793692
1.38966395e+06,8.49999018e-01,-1.16580300e-13,6.07775286e-02,3.61355440,3.25957118e-01,-1.34509847,8.51353979e-06,6.51996026,-1.00333770e-01,-1,-0.9834610454662785
1.46107389e+06,8.49999010e-01,-1.10333133e-13,4.43309655e-02,3.61317644,3.18489757e-01,-1.34509847,8.24971203e-06,6.52730100,-7.83153795e-02,-1,-0.9826091757526157
1.53610448e+06,8.49999002e-01,-1.04427376e-13,2.78313764e-02,3.61276577,3.11061297e-01,-1.34509847,7.98952669e-06,6.53460413,-5.64135888e-02,-1,-0.9817141142637075
1.61498979e+06,8.49998994e-01,-9.88413412e-14,1.13270192e-02,3.61233508,3.03670493e-01,-1.34509847,7.73431930e-06,6.54187057,-3.46173848e-02,-1,-0.9807730687111988
1.69799427e+06,8.49998986e-01,-9.35676337e-14,-5.12796467e-03,3.61189897,2.96315233e-01,-1.34509848,7.48649587e-06,6.54910255,-1.29183706e-02,-1,-0.9797828843949772
1.78524777e+06,8.49998979e-01,-8.85943196e-14,-2.15576224e-02,3.61145223,2.88993876e-01,-1.34509848,7.24612878e-06,6.55630198,8.68685883e-03,-1,-0.978742012297044
1.87695388e+06,8.49998971e-01,-8.38842161e-14,-3.79989905e-02,3.61098563,2.81706403e-01,-1.34509848,7.01042807e-06,6.56346958,3.01976774e-02,-1,-0.9776480237337316
1.97338616e+06,8.49998963e-01,-7.94293419e-14,-5.44387511e-02,3.61050319,2.74451388e-01,-1.34509848,6.78025720e-06,6.57060581,5.16125448e-02,-1,-0.9764976553291166
2.07483744e+06,8.49998955e-01,-7.52257069e-14,-7.08479206e-02,3.61001306,2.67227067e-01,-1.34509848,6.55729958e-06,6.57771334,7.29421993e-02,-1,-0.9752874138299034
2.18147205e+06,8.49998947e-01,-7.12486203e-14,-8.72707316e-02,3.60950371,2.60034360e-01,-1.34509848,6.33940969e-06,6.58479079,9.41831875e-02,-1,-0.9740153388962561
2.29358046e+06,8.49998940e-01,-6.74869469e-14,-1.03664023e-01,3.60898690,2.52871336e-01,-1.34509848,6.12788446e-06,6.59184104,1.15341229e-01,-1,-0.9726779654279982
2.41143592e+06,8.49998932e-01,-6.39305793e-14,-1.20045390e-01,3.60845841,2.45737629e-01,-1.34509849,5.92231289e-06,6.59886389,1.36418798e-01,-1,-0.9712720337472853
2.53540275e+06,8.49998924e-01,-6.05680259e-14,-1.36407575e-01,3.60792046,2.38632449e-01,-1.34509849,5.72268504e-06,6.60585918,1.57413950e-01,-1,-0.9697931977760496
2.66578892e+06,8.49998917e-01,-5.73883328e-14,-1.52753939e-01,3.60737233,2.31555526e-01,-1.34509850,5.52877014e-06,6.61280193,1.78287867e-01,-1,-0.9682377836515804
2.80290078e+06,8.49998909e-01,-5.43885233e-14,-1.69049273e-01,3.60682403,2.24504458e-01,-1.34509851,5.34214634e-06,6.61966958,1.99000062e-01,-1,-0.9666021368366136
2.94702732e+06,8.49998902e-01,-5.15434414e-14,-1.85359289e-01,3.60625943,2.17478652e-01,-1.34509853,5.15974389e-06,6.62657369,2.19747536e-01,-1,-0.9648828098863177
3.09856732e+06,8.49998894e-01,-4.88523134e-14,-2.01642717e-01,3.60568915,2.10477499e-01,-1.34509855,4.98316312e-06,6.63346083,2.40434756e-01,-1,-0.963075045639373
3.25787759e+06,8.49998887e-01,-4.63050418e-14,-2.17933136e-01,3.60510423,2.03502123e-01,-1.34509858,4.81133451e-06,6.64032864,2.61060401e-01,-1,-0.9611745876066614
3.42539598e+06,8.49998879e-01,-4.38947497e-14,-2.34209514e-01,3.60450990,1.96552594e-01,-1.34509861,4.64464388e-06,6.64716859,2.81606795e-01,-1,-0.9591762125495957
3.60117584e+06,8.49998872e-01,-4.16128907e-14,-2.50926107e-01,3.60378338,1.89647345e-01,-1.34552864,4.47112956e-06,6.65386075,3.02149354e-01,-1,-0.957079284040681
3.78661099e+06,8.49998864e-01,-3.94195296e-14,-2.66966777e-01,3.60322395,1.82745862e-01,-1.34532876,4.31575725e-06,6.66036284,3.22907501e-01,-1,-0.9548671748002374
3.98170570e+06,8.49998857e-01,-3.74186460e-14,-2.82845668e-01,3.60269937,1.75855588e-01,-1.34509877,4.17662171e-06,6.66668849,3.43867384e-01,-1,-0.9525398338902068
4.18653788e+06,8.49998849e-01,-3.54851989e-14,-2.99022591e-01,3.60208394,1.68997984e-01,-1.34509876,4.03045540e-06,6.67285545,3.64995725e-01,-1,-0.9500963318997901
4.40190946e+06,8.49998842e-01,-3.36562901e-14,-3.15163632e-01,3.60146573,1.62163880e-01,-1.34509877,3.88936996e-06,6.67888663,3.86341751e-01,-1,-0.947527102375361
4.62837222e+06,8.49998835e-01,-3.19267109e-14,-3.31254143e-01,3.60084824,1.55353591e-01,-1.34509889,3.75352608e-06,6.68483049,4.07974926e-01,-1,-0.9448255629745929
4.86657077e+06,8.49998827e-01,-3.02934264e-14,-3.47261475e-01,3.60023662,1.48573169e-01,-1.34509879,3.62319588e-06,6.69054988,4.29631513e-01,-1,-0.9419840239593885
5.11706822e+06,8.49998820e-01,-2.87497549e-14,-3.63208902e-01,3.59962516,1.41822375e-01,-1.34509879,3.49771981e-06,6.69615521,4.51474454e-01,-1,-0.9389957678285925
5.38053546e+06,8.49998813e-01,-2.72912503e-14,-3.79069793e-01,3.59902014,1.35101975e-01,-1.34509887,3.37736540e-06,6.70165903,4.73512837e-01,-1,-0.9358527913424293
5.65766031e+06,8.49998805e-01,-2.59143331e-14,-3.94833570e-01,3.59842347,1.28413429e-01,-1.34509884,3.26221721e-06,6.70707034,4.95761613e-01,-1,-0.9325468892982831
5.94925258e+06,8.49998798e-01,-2.46147935e-14,-4.10464930e-01,3.59784385,1.21756989e-01,-1.34509884,3.15256315e-06,6.71239697,5.18227096e-01,-1,-0.9290684012397412
6.25598083e+06,8.49998791e-01,-2.33894027e-14,-4.26019894e-01,3.59726537,1.15136456e-01,-1.34509885,3.04750293e-06,6.71764644,5.40911090e-01,-1,-0.9254093517222678
6.57866686e+06,8.49998783e-01,-2.22316423e-14,-4.41444376e-01,3.59670136,1.08552252e-01,-1.34509886,2.94724334e-06,6.72282654,5.63825679e-01,-1,-0.9215599372572915
6.91815140e+06,8.49998776e-01,-2.11395741e-14,-4.56734400e-01,3.59615165,1.02006651e-01,-1.34509889,2.85180372e-06,6.72794498,5.86981510e-01,-1,-0.9175101285348257
7.27537963e+06,8.49998769e-01,-2.01104217e-14,-4.71848777e-01,3.59562595,9.55008605e-02,-1.34509894,2.76153660e-06,6.73301051,6.10391493e-01,-1,-0.9132486502307916
7.65129282e+06,8.49998761e-01,-1.91409102e-14,-4.86782097e-01,3.59512479,8.90365188e-02,-1.34509897,2.67625910e-06,6.73803154,6.34069264e-01,-1,-0.9087642736646248
8.04689335e+06,8.49998754e-01,-1.82278329e-14,-5.01523197e-01,3.59465012,8.26153062e-02,-1.34509902,2.59586392e-06,6.74301765,6.58026590e-01,-1,-0.9040450411569939
8.46324786e+06,8.49998747e-01,-1.73681203e-14,-5.16054576e-01,3.59420533,7.62392095e-02,-1.34509907,2.52023168e-06,6.74798054,6.82277725e-01,-1,-0.8990782284525451
8.90158459e+06,8.49998739e-01,-1.65595434e-14,-5.30302826e-01,3.59380887,6.99079955e-02,-1.34509914,2.45000886e-06,6.75293329,7.06838029e-01,-1,-0.8938491835230438
9.36288787e+06,8.49998732e-01,-1.58005302e-14,-5.44363145e-01,3.59343436,6.36268682e-02,-1.34509922,2.38405849e-06,6.75788300,7.31714407e-01,-1,-0.8883461640128001
9.84846559e+06,8.49998725e-01,-1.50843960e-14,-5.58181829e-01,3.59309403,5.73981850e-02,-1.34509931,2.32206242e-06,6.76284162,7.56922059e-01,-1,-0.8825535677258204
1.03597224e+07,8.49998717e-01,-1.44123009e-14,-5.71696794e-01,3.59280249,5.12237666e-02,-1.34509942,2.26487457e-06,6.76781519,7.82475415e-01,-1,-0.8764546381882395
1.08980261e+07,8.49998710e-01,-1.37814077e-14,-5.84902459e-01,3.59255946,4.51069953e-02,-1.34509955,2.21218694e-06,6.77280846,8.08390581e-01,-1,-0.8700330585204421
1.14648543e+07,8.49998702e-01,-1.31899201e-14,-5.97773019e-01,3.59237001,3.90506250e-02,-1.34509971,2.16402071e-06,6.77783556,8.34693127e-01,-1,-0.8632712018877378
1.20617804e+07,8.49998694e-01,-1.26355481e-14,-6.10273890e-01,3.59224111,3.30579780e-02,-1.34509989,2.12038442e-06,6.78291168,8.61399356e-01,-1,-0.8561502987489749
1.26904552e+07,8.49998687e-01,-1.21179461e-14,-6.22375214e-01,3.59217861,2.71323265e-02,-1.34510009,2.08153246e-06,6.78805255,8.88516684e-01,-1,-0.8486506562361393
1.33526092e+07,8.49998679e-01,-1.16342480e-14,-6.34045660e-01,3.59218800,2.12783246e-02,-1.34510032,2.04729106e-06,6.79327072,9.16072637e-01,-1,-0.8407516307169932
1.40500713e+07,8.49998671e-01,-1.11833838e-14,-6.45250213e-01,3.59227532,1.55014139e-02,-1.34510058,2.01778071e-06,6.79857390,9.44082908e-01,-1,-0.832431404717396
1.47847542e+07,8.49998663e-01,-1.07641240e-14,-6.55952510e-01,3.59244763,9.80563908e-03,-1.34510088,1.99319461e-06,6.80397092,9.72575872e-01,-1,-0.8236671610889044
1.55589130e+07,8.49998655e-01,-1.03754644e-14,-6.66078273e-01,3.59271976,4.19848851e-03,-1.34510124,1.97391834e-06,6.80947244,1.00158507,-1,-0.8144319980949911
1.63744454e+07,8.49998647e-01,-1.00171689e-14,-6.75641345e-01,3.59308506,-1.31363032e-03,-1.34510164,1.95993393e-06,6.81508998,1.03114131,-1,-0.8047032775265275
1.72336272e+07,8.49998638e-01,-9.68667973e-15,-6.84516585e-01,3.59357138,-6.72389621e-03,-1.34510211,1.95180406e-06,6.82084595,1.06127378,-1,-0.7944538507107324
1.81387108e+07,8.49998630e-01,-9.38518191e-15,-6.92661955e-01,3.59418563,-1.20250920e-02,-1.34510264,1.95024774e-06,6.82676421,1.09200976,-1,-0.7836568481201558
1.90920518e+07,8.49998621e-01,-9.11169147e-15,-7.00004020e-01,3.59494176,-1.72083730e-02,-1.34510324,1.95581738e-06,6.83286325,1.12337682,-1,-0.7722841691248642
2.00960608e+07,8.49998612e-01,-8.86626377e-15,-7.06448678e-01,3.59585821,-2.22636149e-02,-1.34510393,1.96947483e-06,6.83916376,1.15540116,-1,-0.7603070569841048
2.11531330e+07,8.49998603e-01,-8.64899417e-15,-7.11930747e-01,3.59694562,-2.71794617e-02,-1.34510472,1.99206458e-06,6.84568883,1.18812073,-1,-0.7476969386681541
2.22656546e+07,8.49998593e-01,-8.45998485e-15,-7.16333183e-01,3.59822703,-3.19434926e-02,-1.34510561,2.02492752e-06,6.85245867,1.22155313,-1,-0.7344253485108776
2.34359148e+07,8.49998583e-01,-8.29956382e-15,-7.19575278e-01,3.59971559,-3.65416759e-02,-1.34510664,2.06926580e-06,6.85949796,1.25573038,-1,-0.72046497798704
2.46659262e+07,8.49998573e-01,-8.17021356e-15,-7.21457911e-01,3.60145411,-4.09600309e-02,-1.34510780,2.12793523e-06,6.86683414,1.29066206,-1,-0.7057918182123643
2.59574735e+07,8.49998563e-01,-8.07195944e-15,-7.21902088e-01,3.60345594,-4.51857635e-02,-1.34510913,2.20268810e-06,6.87449036,1.32635871,-1,-0.6903845789872227
2.73118008e+07,8.49998552e-01,-8.00722888e-15,-7.20744862e-01,3.60575318,-4.92016328e-02,-1.34511063,2.29700211e-06,6.88249553,1.36281157,-1,-0.6742284190848793
2.87309035e+07,8.49998541e-01,-7.97657228e-15,-7.17917375e-01,3.60835801,-5.29975556e-02,-1.34511233,2.41390550e-06,6.89088976,1.40001156,-1,-0.6572995348048036
3.02137522e+07,8.49998529e-01,-7.98443037e-15,-7.13191597e-01,3.61132045,-5.65595398e-02,-1.34511426,2.55969668e-06,6.89969357,1.43788190,-1,-0.6396102061556788
3.17594911e+07,8.49998516e-01,-8.03151251e-15,-7.06520445e-01,3.61465114,-5.98853514e-02,-1.34511645,2.73956180e-06,6.90892969,1.47634825,-1,-0.6211706422218553
3.33664076e+07,8.49998503e-01,-8.12048453e-15,-6.97821020e-01,3.61837035,-6.29740491e-02,-1.34511890,2.96131460e-06,6.91862114,1.51528976,-1,-0.6020012731013229
3.50327041e+07,8.49998490e-01,-8.25313690e-15,-6.87108098e-01,3.62248000,-6.58368934e-02,-1.34512165,3.23432499e-06,6.92878190,1.55457662,-1,-0.5821235428815191
3.67566735e+07,8.49998475e-01,-8.43144880e-15,-6.74409748e-01,3.62698241,-6.84925447e-02,-1.34512474,3.57184727e-06,6.93943363,1.59402679,-1,-0.5615578160493516
3.85360268e+07,8.49998460e-01,-8.65690528e-15,-6.59755112e-01,3.63188491,-7.09702303e-02,-1.34512820,3.98938790e-06,6.95060370,1.63338934,-1,-0.5403313987441977
4.03707189e+07,8.49998444e-01,-8.92763369e-15,-6.43469043e-01,3.63713612,-7.33296027e-02,-1.34513207,4.49425177e-06,6.96232530,1.67240183,-1,-0.5184448289769292
4.22627986e+07,8.49998426e-01,-9.24149373e-15,-6.25800740e-01,3.64270084,-7.56248910e-02,-1.34513639,5.09122405e-06,6.97466862,1.71066735,-1,-0.4958736660230568
4.42191125e+07,8.49998408e-01,-9.59306044e-15,-6.07136839e-01,3.64851975,-7.79307630e-02,-1.34514124,5.77471250e-06,6.98780789,1.74757266,-1,-0.47253623482191576
4.62558770e+07,8.49998388e-01,-9.97043738e-15,-5.88103347e-01,3.65448892,-8.03523668e-02,-1.34514670,6.52197517e-06,7.00211282,1.78190582,-1,-0.448239085273637
4.83989393e+07,8.49998366e-01,-1.03558258e-14,-5.69501560e-01,3.66046825,-8.30101296e-02,-1.34515294,7.30732289e-06,7.01835472,1.81120352,-1,-0.42267387869507667
5.06927144e+07,8.49998342e-01,-1.07126992e-14,-5.52829633e-01,3.66619110,-8.61198572e-02,-1.34516020,8.08944410e-06,7.03748887,1.83189609,-1,-0.39531077577629636
5.31996496e+07,8.49998314e-01,-1.09696516e-14,-5.40845848e-01,3.67117604,-9.00978516e-02,-1.34516877,8.79123859e-06,7.05578550,1.84304168,-1,-0.36540482471408764
5.59687800e+07,8.49998284e-01,-1.09889776e-14,-5.38565735e-01,3.67449258,-9.55908786e-02,-1.34517899,9.25326949e-06,7.06999317,1.84412805,-1,-0.3323710716967482
5.89034787e+07,8.49998252e-01,-1.06573331e-14,-5.49409456e-01,3.67530593,-1.02639431e-01,-1.34519053,9.30208092e-06,7.07886798,1.83791752,-1,-0.29736220680685077
6.18722782e+07,8.49998222e-01,-1.00656148e-14,-5.69736077e-01,3.67397411,-1.10139100e-01,-1.34520271,8.97341509e-06,7.08332909,1.83133435,-1,-0.2619465436654541
6.49242843e+07,8.49998192e-01,-9.42799849e-15,-5.92442116e-01,3.67163431,-1.16812519e-01,-1.34521554,8.48142422e-06,7.08526117,1.82795758,-1,-0.22553828506022078
6.81936852e+07,8.49998163e-01,-8.90202628e-15,-6.11789947e-01,3.66928490,-1.21787613e-01,-1.34522948,8.01489132e-06,7.08589519,1.82720138,-1,-0.186536661357246
7.17427921e+07,8.49998132e-01,-8.53924482e-15,-6.24828981e-01,3.66754510,-1.24827529e-01,-1.34524434,7.66715083e-06,7.08590011,1.82759319,-1,-0.14419834432936784
7.55491483e+07,8.49998100e-01,-8.31470525e-15,-6.32015994e-01,3.66650197,-1.26334782e-01,-1.34526007,7.44125314e-06,7.08561526,1.82816013,-1,-0.09879122641003157
7.95755871e+07,8.49998067e-01,-8.18930222e-15,-6.35530234e-01,3.66592707,-1.26942112e-01,-1.34527689,7.30829721e-06,7.08519751,1.82848315,-1,-0.05075867985367122
8.38305503e+07,8.49998033e-01,-8.12955975e-15,-6.37029727e-01,3.66561060,-1.27058903e-01,-1.34529484,7.23684682e-06,7.08469184,1.82847960,0,0.0
8.65383094e+07,8.49998011e-01,-8.11413388e-15,-6.37433433e-01,3.66547997,-1.26999496e-01,-1.34530631,7.21237883e-06,7.08435344,1.82831140,0,0.0001128367424482958
8.92745852e+07,8.49997989e-01,-8.10032953e-15,-6.37805937e-01,3.66535237,-1.26930557e-01,-1.34531790,7.18927676e-06,7.08401253,1.82812028,0,0.0002268618223426273
9.21536272e+07,8.49997965e-01,-8.09464320e-15,-6.38022239e-01,3.66523996,-1.26813893e-01,-1.34533012,7.17301302e-06,7.08365904,1.82781446,0,0.00034683620287442033
9.50526280e+07,8.49997942e-01,-8.08934847e-15,-6.38227971e-01,3.66512893,-1.26694685e-01,-1.34534243,7.15711773e-06,7.08330596,1.82750557,0,0.0004676422991874203
9.81370654e+07,8.49997917e-01,-8.08769213e-15,-6.38335509e-01,3.66503062,-1.26551840e-01,-1.34535552,7.14464576e-06,7.08295665,1.82716823,0,0.0005961758413705823
1.01221503e+08,8.49997892e-01,-8.08603578e-15,-6.38443048e-01,3.66493231,-1.26408994e-01,-1.34536862,7.13217378e-06,7.08260735,1.82683089,0,0.0007247093918880702
1.04497978e+08,8.49997866e-01,-8.08613154e-15,-6.38490224e-01,3.66484540,-1.26258768e-01,-1.34538134,7.12180737e-06,7.08226924,1.82653213,0,0.0008612454543883417
1.07828823e+08,8.49997839e-01,-8.08672335e-15,-6.38520311e-01,3.66476172,-1.26106452e-01,-1.34539394,7.11203708e-06,7.08193429,1.82624431,0,0.0010000472035543559
1.11219893e+08,8.49997811e-01,-8.08761550e-15,-6.38540675e-01,3.66468072,-1.25954633e-01,-1.34540697,7.10272791e-06,7.08160820,1.82596048,0,0.001141358626795124
1.14846360e+08,8.49997782e-01,-8.08968157e-15,-6.38523040e-01,3.66461019,-1.25804756e-01,-1.34542160,7.09522102e-06,7.08131670,1.82569226,0,0.0012924794273405796
1.18472827e+08,8.49997753e-01,-8.09174765e-15,-6.38505405e-01,3.66453966,-1.25654879e-01,-1.34543623,7.08771412e-06,7.08102520,1.82542405,0,0.0014436002278860353
1.22228732e+08,8.49997722e-01,-8.09410255e-15,-6.38469287e-01,3.66447533,-1.25508143e-01,-1.34545150,7.08096672e-06,7.08074463,1.82519554,0,0.0016001149212150191
1.26209898e+08,8.49997690e-01,-8.09696012e-15,-6.38401004e-01,3.66442176,-1.25366873e-01,-1.34546788,7.07554107e-06,7.08048309,1.82503613,0,0.001766016608180418
1.30191063e+08,8.49997658e-01,-8.09981769e-15,-6.38332720e-01,3.66436820,-1.25225604e-01,-1.34548426,7.07011541e-06,7.08022156,1.82487672,0,0.0019319182534741845
1.34283669e+08,8.49997625e-01,-8.10287202e-15,-6.38260358e-01,3.66431744,-1.25087898e-01,-1.34550112,7.06515481e-06,7.07997251,1.82472706,0,0.0021024638271791526
1.38690398e+08,8.49997589e-01,-8.10648098e-15,-6.38176501e-01,3.66427457,-1.24960240e-01,-1.34551932,7.06150509e-06,7.07975867,1.82460487,0,0.002286099419138731
1.43097126e+08,8.49997553e-01,-8.11008994e-15,-6.38092643e-01,3.66423171,-1.24832582e-01,-1.34553751,7.05785537e-06,7.07954483,1.82448268,0,0.0024697349694266764
1.47503854e+08,8.49997517e-01,-8.11369889e-15,-6.38008785e-01,3.66418884,-1.24704923e-01,-1.34555571,7.05420565e-06,7.07933099,1.82436050,0,0.0026533705197146215
1.52369013e+08,8.49997478e-01,-8.11736993e-15,-6.37906275e-01,3.66415644,-1.24588875e-01,-1.34557580,7.05164575e-06,7.07914835,1.82430793,0,0.0028561096382178175
1.57286357e+08,8.49997438e-01,-8.12104804e-15,-6.37801641e-01,3.66412524,-1.24474148e-01,-1.34559611,7.04920992e-06,7.07896925,1.82426328,0,0.0030610233908694735
1.62203701e+08,8.49997398e-01,-8.12472614e-15,-6.37697007e-01,3.66409403,-1.24359421e-01,-1.34561642,7.04677409e-06,7.07879015,1.82421863,0,0.0032659371435211294
1.67292659e+08,8.49997356e-01,-8.12845269e-15,-6.37587586e-01,3.66406567,-1.24247976e-01,-1.34563744,7.04466071e-06,7.07862265,1.82418906,0,0.003478002331733845
1.72822677e+08,8.49997311e-01,-8.13230372e-15,-6.37465862e-01,3.66404459,-1.24144966e-01,-1.34566030,7.04337609e-06,7.07848495,1.82419825,0,0.0037084472102315064
1.78352694e+08,8.49997266e-01,-8.13615475e-15,-6.37344139e-01,3.66402352,-1.24041955e-01,-1.34568315,7.04209146e-06,7.07834725,1.82420743,0,0.003938892047057535
1.83882712e+08,8.49997221e-01,-8.14000578e-15,-6.37222415e-01,3.66400244,-1.23938945e-01,-1.34570601,7.04080684e-06,7.07820955,1.82421662,0,0.004169336925555198
1.89721371e+08,8.49997174e-01,-8.14391191e-15,-6.37088706e-01,3.66398625,-1.23839697e-01,-1.34572895,7.04001006e-06,7.07808332,1.82425894,0,0.004412643378417427
1.95986526e+08,8.49997123e-01,-8.14789418e-15,-6.36938433e-01,3.66397679,-1.23745649e-01,-1.34575201,7.03988742e-06,7.07797293,1.82434705,0,0.004673722615907073
2.02251681e+08,8.49997071e-01,-8.15187645e-15,-6.36788160e-01,3.66396734,-1.23651601e-01,-1.34577507,7.03976477e-06,7.07786255,1.82443516,0,0.004934801853396719
2.08516836e+08,8.49997020e-01,-8.15585872e-15,-6.36637888e-01,3.66395788,-1.23557553e-01,-1.34579813,7.03964213e-06,7.07775216,1.82452327,0,0.005195881090886365
2.15074023e+08,8.49996967e-01,-8.15996894e-15,-6.36477342e-01,3.66395202,-1.23465567e-01,-1.34582286,7.03992403e-06,7.07765009,1.82463907,0,0.005469129778594334
2.22221268e+08,8.49996908e-01,-8.16433771e-15,-6.36296040e-01,3.66395344,-1.23377748e-01,-1.34585095,7.04102333e-06,7.07756480,1.82481083,0,0.005766967146504893
2.29368513e+08,8.49996850e-01,-8.16870648e-15,-6.36114738e-01,3.66395486,-1.23289929e-01,-1.34587905,7.04212263e-06,7.07747952,1.82498258,0,0.006064804514415453
2.36515758e+08,8.49996792e-01,-8.17307524e-15,-6.35933435e-01,3.66395627,-1.23202110e-01,-1.34590714,7.04322193e-06,7.07739423,1.82515434,0,0.006362641882326013
2.43694849e+08,8.49996733e-01,-8.17745864e-15,-6.35751177e-01,3.66395799,-1.23114422e-01,-1.34593538,7.04435697e-06,7.07730970,1.82532848,0,0.006661806325049103
2.51900527e+08,8.49996666e-01,-8.18231372e-15,-6.35538123e-01,3.66396952,-1.23030952e-01,-1.34596826,7.04664418e-06,7.07724922,1.82557967,0,0.007003750324092313
2.60106206e+08,8.49996598e-01,-8.18716880e-15,-6.35325069e-01,3.66398105,-1.22947483e-01,-1.34600113,7.04893138e-06,7.07718875,1.82583087,0,0.0073456943648071565
2.68311884e+08,8.49996531e-01,-8.19202388e-15,-6.35112015e-01,3.66399258,-1.22864013e-01,-1.34603401,7.05121859e-06,7.07712828,1.82608206,0,0.007687638363850367
2.76517563e+08,8.49996464e-01,-8.19687896e-15,-6.34898961e-01,3.66400411,-1.22780543e-01,-1.34606688,7.05350579e-06,7.07706781,1.82633325,0,0.00802958240456521
2.85402259e+08,8.49996391e-01,-8.20202328e-15,-6.34667499e-01,3.66402091,-1.22698414e-01,-1.34610252,7.05641446e-06,7.07702459,1.82661922,0,0.008399822192249202
2.94877980e+08,8.49996313e-01,-8.20741934e-15,-6.34420014e-01,3.66404230,-1.22617452e-01,-1.34614057,7.05986406e-06,7.07699639,1.82693546,0,0.008794690956604534
3.04353702e+08,8.49996235e-01,-8.21281540e-15,-6.34172530e-01,3.66406369,-1.22536489e-01,-1.34617862,7.06331366e-06,7.07696818,1.82725170,0,0.009189559762631498
3.13829423e+08,8.49996157e-01,-8.21821146e-15,-6.33925045e-01,3.66408508,-1.22455526e-01,-1.34621667,7.06676326e-06,7.07693998,1.82756795,0,0.00958442852698683
3.23305144e+08,8.49996079e-01,-8.22360752e-15,-6.33677560e-01,3.66410647,-1.22374564e-01,-1.34625472,7.07021286e-06,7.07691178,1.82788419,0,0.009979297291342162
3.34096230e+08,8.49995990e-01,-8.22954921e-15,-6.33391999e-01,3.66413688,-1.22292616e-01,-1.34629804,7.07467187e-06,7.07686046,1.82833377,0,0.010428979462743378
3.45095876e+08,8.49995899e-01,-8.23557742e-15,-6.33100400e-01,3.66416873,-1.22210511e-01,-1.34634219,7.07929093e-06,7.07680548,1.82880449,0,0.010887352669844566
3.56095523e+08,8.49995808e-01,-8.24160563e-15,-6.32808801e-01,3.66420058,-1.22128407e-01,-1.34638634,7.08390999e-06,7.07675049,1.82927521,0,0.011345725918617384
3.67095169e+08,8.49995718e-01,-8.24763384e-15,-6.32517202e-01,3.66423243,-1.22046303e-01,-1.34643049,7.08852905e-06,7.07669551,1.82974593,0,0.011804099125718571
3.78156970e+08,8.49995626e-01,-8.25369227e-15,-6.32224724e-01,3.66426448,-1.21964179e-01,-1.34647489,7.09318553e-06,7.07664183,1.83021791,0,0.012265062433145476
3.90985336e+08,8.49995520e-01,-8.26060972e-15,-6.31907253e-01,3.66430251,-1.21881503e-01,-1.34652634,7.09890537e-06,7.07662532,1.83072583,0,0.012799641388258015
4.03813703e+08,8.49995414e-01,-8.26752717e-15,-6.31589782e-01,3.66434054,-1.21798827e-01,-1.34657779,7.10462522e-06,7.07660881,1.83123375,0,0.013334220385042186
4.16642069e+08,8.49995307e-01,-8.27444463e-15,-6.31272311e-01,3.66437857,-1.21716151e-01,-1.34662924,7.11034507e-06,7.07659230,1.83174168,0,0.013868799340154727
4.29470435e+08,8.49995201e-01,-8.28136208e-15,-6.30954840e-01,3.66441660,-1.21633475e-01,-1.34668069,7.11606491e-06,7.07657579,1.83224960,0,0.014403378295267265
4.42441646e+08,8.49995093e-01,-8.28831551e-15,-6.30635766e-01,3.66445492,-1.21550578e-01,-1.34673271,7.12182375e-06,7.07656086,1.83275997,0,0.014943909834741916
4.57464421e+08,8.49994968e-01,-8.29578563e-15,-6.30293676e-01,3.66449741,-1.21464506e-01,-1.34679290,7.12814258e-06,7.07656869,1.83330562,0,0.015569933395528285
4.72487197e+08,8.49994843e-01,-8.30325575e-15,-6.29951585e-01,3.66453990,-1.21378435e-01,-1.34685310,7.13446141e-06,7.07657652,1.83385127,0,0.016195956997986285
4.87509973e+08,8.49994718e-01,-8.31072586e-15,-6.29609495e-01,3.66458238,-1.21292363e-01,-1.34691329,7.14078024e-06,7.07658434,1.83439691,0,0.016821980600444285
5.02532749e+08,8.49994593e-01,-8.31819598e-15,-6.29267404e-01,3.66462487,-1.21206292e-01,-1.34697349,7.14709907e-06,7.07659217,1.83494256,0,0.01744800420290229
5.17555525e+08,8.49994468e-01,-8.32566610e-15,-6.28925314e-01,3.66466736,-1.21120220e-01,-1.34703369,7.15341791e-06,7.07660000,1.83548821,0,0.01807402780536029
5.35141414e+08,8.49994321e-01,-8.33371100e-15,-6.28553185e-01,3.66471412,-1.21027690e-01,-1.34710409,7.16023294e-06,7.07657895,1.83615168,0,0.018806860511126955
5.52797338e+08,8.49994173e-01,-8.34177160e-15,-6.28180236e-01,3.66476101,-1.20934983e-01,-1.34717477,7.16706152e-06,7.07655710,1.83681837,0,0.01954261168968441
5.70453262e+08,8.49994025e-01,-8.34983220e-15,-6.27807286e-01,3.66480789,-1.20842276e-01,-1.34724546,7.17389011e-06,7.07653526,1.83748505,0,0.020278362868241865
5.88109185e+08,8.49993878e-01,-8.35789281e-15,-6.27434337e-01,3.66485478,-1.20749569e-01,-1.34731614,7.18071870e-06,7.07651342,1.83815174,0,0.02101411400512769
6.05765109e+08,8.49993730e-01,-8.36595341e-15,-6.27061388e-01,3.66490166,-1.20656862e-01,-1.34738682,7.18754728e-06,7.07649157,1.83881843,0,0.021749865183685147
6.25868645e+08,8.49993561e-01,-8.37461838e-15,-6.26671585e-01,3.66494983,-1.20558306e-01,-1.34746721,7.19471846e-06,7.07649192,1.83951184,0,0.022587612350311616
6.46684397e+08,8.49993386e-01,-8.38345921e-15,-6.26276878e-01,3.66499838,-1.20458048e-01,-1.34755042,7.20198931e-06,7.07649871,1.84021303,0,0.023455038720438706
6.67500149e+08,8.49993211e-01,-8.39230004e-15,-6.25882171e-01,3.66504693,-1.20357790e-01,-1.34763363,7.20926017e-06,7.07650551,1.84091421,0,0.024322465090565792
6.88315901e+08,8.49993036e-01,-8.40114087e-15,-6.25487464e-01,3.66509548,-1.20257532e-01,-1.34771684,7.21653103e-06,7.07651230,1.84161540,0,0.025189891460692882
7.09131653e+08,8.49992860e-01,-8.40998170e-15,-6.25092757e-01,3.66514402,-1.20157273e-01,-1.34780005,7.22380189e-06,7.07651910,1.84231658,0,0.02605731783081997
7.31778991e+08,8.49992669e-01,-8.41913017e-15,-6.24684619e-01,3.66519344,-1.20052028e-01,-1.34789049,7.23117699e-06,7.07654279,1.84304258,0,0.02700106937985751
7.56386411e+08,8.49992461e-01,-8.42860787e-15,-6.24262109e-01,3.66524377,-1.19941446e-01,-1.34798866,7.23866365e-06,7.07658456,1.84379512,0,0.028026500745911096
7.80993830e+08,8.49992253e-01,-8.43808557e-15,-6.23839599e-01,3.66529411,-1.19830864e-01,-1.34808684,7.24615031e-06,7.07662633,1.84454767,0,0.02905193207029305
8.05601250e+08,8.49992044e-01,-8.44756327e-15,-6.23417089e-01,3.66534444,-1.19720281e-01,-1.34818502,7.25363697e-06,7.07666810,1.84530022,0,0.03007736343634664
8.30208670e+08,8.49991836e-01,-8.45704097e-15,-6.22994578e-01,3.66539478,-1.19609699e-01,-1.34828319,7.26112362e-06,7.07670987,1.84605277,0,0.03110279480240023
8.55323959e+08,8.49991623e-01,-8.46661006e-15,-6.22567600e-01,3.66544548,-1.19497615e-01,-1.34838338,7.26864841e-06,7.07675508,1.84681055,0,0.03214938989884271
8.84481161e+08,8.49991375e-01,-8.47690650e-15,-6.22105067e-01,3.66549910,-1.19373580e-01,-1.34849957,7.27647661e-06,7.07682768,1.84761003,0,0.033364418108917576
9.13638363e+08,8.49991126e-01,-8.48720293e-15,-6.21642533e-01,3.66555272,-1.19249545e-01,-1.34861576,7.28430482e-06,7.07690027,1.84840950,0,0.034579446318992436
9.42795565e+08,8.49990878e-01,-8.49749937e-15,-6.21180000e-01,3.66560633,-1.19125510e-01,-1.34873195,7.29213303e-06,7.07697287,1.84920898,0,0.035794474529067304
9.71952767e+08,8.49990629e-01,-8.50779581e-15,-6.20717466e-01,3.66565995,-1.19001474e-01,-1.34884815,7.29996123e-06,7.07704546,1.85000845,0,0.037009502739142164
1.00110997e+09,8.49990381e-01,-8.51809224e-15,-6.20254933e-01,3.66571356,-1.18877439e-01,-1.34896434,7.30778944e-06,7.07711806,1.85080793,0,0.03822453099088866
1.03393430e+09,8.49990100e-01,-8.52915100e-15,-6.19753789e-01,3.66577082,-1.18741392e-01,-1.34909755,7.31599113e-06,7.07724956,1.85163781,0,0.03959237441176309
1.06855083e+09,8.49989803e-01,-8.54058232e-15,-6.19233777e-01,3.66582987,-1.18599474e-01,-1.34923908,7.32437534e-06,7.07740985,1.85248256,0,0.04103490173262545
1.10316735e+09,8.49989505e-01,-8.55201364e-15,-6.18713764e-01,3.66588891,-1.18457556e-01,-1.34938060,7.33275955e-06,7.07757014,1.85332730,0,0.042477428636771494
1.13778388e+09,8.49989208e-01,-8.56344496e-15,-6.18193751e-01,3.66594796,-1.18315638e-01,-1.34952213,7.34114376e-06,7.07773044,1.85417204,0,0.04391995595763386
1.17240040e+09,8.49988911e-01,-8.57487627e-15,-6.17673738e-01,3.66600700,-1.18173720e-01,-1.34966366,7.34952797e-06,7.07789073,1.85501679,0,0.0453624828617799
1.20815234e+09,8.49988604e-01,-8.58658363e-15,-6.17140752e-01,3.66606740,-1.18028031e-01,-1.34980975,7.35807703e-06,7.07805927,1.85588316,0,0.046852324571039376
1.24931926e+09,8.49988247e-01,-8.59960748e-15,-6.16545891e-01,3.66613428,-1.17864352e-01,-1.34997755,7.36741229e-06,7.07826715,1.85685265,0,0.04856781733752277
1.29048619e+09,8.49987891e-01,-8.61263132e-15,-6.15951031e-01,3.66620116,-1.17700674e-01,-1.35014536,7.37674755e-06,7.07847503,1.85782215,0,0.05028331052072249
1.33165311e+09,8.49987535e-01,-8.62565516e-15,-6.15356170e-01,3.66626803,-1.17536995e-01,-1.35031317,7.38608282e-06,7.07868291,1.85879165,0,0.05199880328720589
1.37282003e+09,8.49987178e-01,-8.63867901e-15,-6.14761310e-01,3.66633491,-1.17373316e-01,-1.35048098,7.39541808e-06,7.07889079,1.85976114,0,0.05371429605368928
1.41398695e+09,8.49986822e-01,-8.65170285e-15,-6.14166449e-01,3.66640178,-1.17209638e-01,-1.35064879,7.40475335e-06,7.07909868,1.86073064,0,0.05542978882017267
1.46006698e+09,8.49986420e-01,-8.66601311e-15,-6.13511389e-01,3.66647543,-1.17029401e-01,-1.35083625,7.41492534e-06,7.07933788,1.86180637,0,0.05735001890161519
1.50909306e+09,8.49985992e-01,-8.68109475e-15,-6.12820231e-01,3.66655314,-1.16839236e-01,-1.35103550,7.42559907e-06,7.07959586,1.86294580,0,0.05939301569634834
1.55811914e+09,8.49985563e-01,-8.69617638e-15,-6.12129074e-01,3.66663084,-1.16649071e-01,-1.35123475,7.43627281e-06,7.07985385,1.86408524,0,0.0614360124910815
1.60714522e+09,8.49985135e-01,-8.71125802e-15,-6.11437916e-01,3.66670855,-1.16458906e-01,-1.35143400,7.44694654e-06,7.08011183,1.86522467,0,0.06347900928581465
1.65617130e+09,8.49984706e-01,-8.72633965e-15,-6.10746758e-01,3.66678626,-1.16268741e-01,-1.35163325,7.45762027e-06,7.08036982,1.86636410,0,0.0655220060805478
1.70552364e+09,8.49984275e-01,-8.74151291e-15,-6.10051413e-01,3.66686443,-1.16077419e-01,-1.35183380,7.46835297e-06,7.08062982,1.86751109,0,0.06757859866214072
1.76397847e+09,8.49983758e-01,-8.75924227e-15,-6.09239228e-01,3.66695569,-1.15853841e-01,-1.35207069,7.48073097e-06,7.08094605,1.86886871,0,0.07001450686297324
1.82243330e+09,8.49983241e-01,-8.77697164e-15,-6.08427043e-01,3.66704695,-1.15630262e-01,-1.35230757,7.49310898e-06,7.08126229,1.87022633,0,0.07245041506380577
1.88088813e+09,8.49982724e-01,-8.79470100e-15,-6.07614858e-01,3.66713820,-1.15406683e-01,-1.35254446,7.50548698e-06,7.08157852,1.87158396,0,0.07488632326463829
1.93934296e+09,8.49982207e-01,-8.81243037e-15,-6.06802673e-01,3.66722946,-1.15183105e-01,-1.35278135,7.51786499e-06,7.08189476,1.87294158,0,0.0773222314654708
1.99779779e+09,8.49981691e-01,-8.83015973e-15,-6.05990488e-01,3.66732072,-1.14959526e-01,-1.35301824,7.53024299e-06,7.08221099,1.87429921,0,0.07975813966630334
2.06086795e+09,8.49981130e-01,-8.84927135e-15,-6.05116821e-01,3.66741892,-1.14719091e-01,-1.35327346,7.54351399e-06,7.08255583,1.87576969,0,0.08238637620333235
2.13063331e+09,8.49980505e-01,-8.87038813e-15,-6.04153965e-01,3.66752719,-1.14454204e-01,-1.35355529,7.55808039e-06,7.08294215,1.87740390,0,0.0852936126551026
2.20039866e+09,8.49979880e-01,-8.89150490e-15,-6.03191109e-01,3.66763546,-1.14189316e-01,-1.35383712,7.57264678e-06,7.08332847,1.87903810,0,0.08820084869015653
2.27016402e+09,8.49979254e-01,-8.91262167e-15,-6.02228254e-01,3.66774373,-1.13924429e-01,-1.35411895,7.58721318e-06,7.08371479,1.88067231,0,0.09110808514192677
2.33992937e+09,8.49978629e-01,-8.93373845e-15,-6.01265398e-01,3.66785200,-1.13659541e-01,-1.35440078,7.60177958e-06,7.08410111,1.88230651,0,0.09401532117698069
2.40969473e+09,8.49978004e-01,-8.95485522e-15,-6.00302543e-01,3.66796027,-1.13394654e-01,-1.35468261,7.61634597e-06,7.08448743,1.88394072,0,0.09692255762875095
2.48964542e+09,8.49977279e-01,-8.97920461e-15,-5.99198586e-01,3.66808457,-1.13091272e-01,-1.35500449,7.63297192e-06,7.08493846,1.88583547,0,0.1002542334104309
2.57297624e+09,8.49976520e-01,-9.00462679e-15,-5.98047803e-01,3.66821418,-1.12775116e-01,-1.35533966,7.65028135e-06,7.08541098,1.88781669,0,0.10372676472769071
2.65630706e+09,8.49975761e-01,-9.03004896e-15,-5.96897021e-01,3.66834380,-1.12458959e-01,-1.35567483,7.66759078e-06,7.08588349,1.88979792,0,0.10719929604495054
2.73963787e+09,8.49975003e-01,-9.05547114e-15,-5.95746238e-01,3.66847342,-1.12142803e-01,-1.35601000,7.68490021e-06,7.08635600,1.89177914,0,0.11067182694549403
2.82296869e+09,8.49974244e-01,-9.08089331e-15,-5.94595455e-01,3.66860304,-1.11826646e-01,-1.35634518,7.70220964e-06,7.08682852,1.89376036,0,0.11414435826275385
2.90738860e+09,8.49973474e-01,-9.10670474e-15,-5.93429150e-01,3.66873434,-1.11506109e-01,-1.35668461,7.71975867e-06,7.08730819,1.89577093,0,0.11766227373838767
3.00690532e+09,8.49972551e-01,-9.13791198e-15,-5.92047663e-01,3.66888908,-1.11124847e-01,-1.35708317,7.74062888e-06,7.08788711,1.89818839,0,0.12180929793412913
3.10642205e+09,8.49971627e-01,-9.16911922e-15,-5.90666175e-01,3.66904382,-1.10743585e-01,-1.35748173,7.76149909e-06,7.08846603,1.90060585,0,0.12595632254658692
3.20593877e+09,8.49970703e-01,-9.20032646e-15,-5.89284688e-01,3.66919857,-1.10362323e-01,-1.35788029,7.78236930e-06,7.08904494,1.90302331,0,0.13010334674232837
3.30545550e+09,8.49969780e-01,-9.23153370e-15,-5.87903201e-01,3.66935331,-1.09981061e-01,-1.35827885,7.80323951e-06,7.08962386,1.90544076,0,0.13425037135478618
3.40497222e+09,8.49968856e-01,-9.26274094e-15,-5.86521714e-01,3.66950805,-1.09599798e-01,-1.35867741,7.82410972e-06,7.09020278,1.90785822,0,0.13839739555052763
3.51203421e+09,8.49967852e-01,-9.29819651e-15,-5.85023879e-01,3.66967641,-1.09187605e-01,-1.35910510,7.84797293e-06,7.09083431,1.91049142,0,0.14285884346575464
3.62991654e+09,8.49966732e-01,-9.33974444e-15,-5.83359194e-01,3.66986431,-1.08731056e-01,-1.35957458,7.87612828e-06,7.09154129,1.91343400,0,0.14777119261432364
3.74779887e+09,8.49965613e-01,-9.38129236e-15,-5.81694509e-01,3.67005220,-1.08274506e-01,-1.36004406,7.90428363e-06,7.09224827,1.91637659,0,0.15268354176289264
3.86568119e+09,8.49964493e-01,-9.42284029e-15,-5.80029824e-01,3.67024010,-1.07817956e-01,-1.36051354,7.93243898e-06,7.09295524,1.91931917,0,0.15759589049474534
3.98356352e+09,8.49963374e-01,-9.46438822e-15,-5.78365139e-01,3.67042799,-1.07361407e-01,-1.36098302,7.96059433e-06,7.09366222,1.92226176,0,0.16250823964331435
4.10575738e+09,8.49962206e-01,-9.50843260e-15,-5.76632851e-01,3.67062288,-1.06885035e-01,-1.36147243,7.99030549e-06,7.09440080,1.92533670,0,0.1676002572860888
4.24310720e+09,8.49960868e-01,-9.56125255e-15,-5.74662929e-01,3.67084234,-1.06338985e-01,-1.36203190,8.02548563e-06,7.09525043,1.92887689,0,0.17332384852604057
4.38045701e+09,8.49959530e-01,-9.61407250e-15,-5.72693006e-01,3.67106179,-1.05792935e-01,-1.36259137,8.06066577e-06,7.09610006,1.93241709,0,0.17904743934927603
4.51780682e+09,8.49958193e-01,-9.66689244e-15,-5.70723083e-01,3.67128125,-1.05246884e-01,-1.36315083,8.09584591e-06,7.09694969,1.93595728,0,0.1847710301725115
4.65515663e+09,8.49956855e-01,-9.71971239e-15,-5.68753161e-01,3.67150070,-1.04700834e-01,-1.36371030,8.13102605e-06,7.09779932,1.93949748,0,0.19049462099574696
4.80451999e+09,8.49955375e-01,-9.77985421e-15,-5.66585116e-01,3.67174165,-1.04098709e-01,-1.36431527,8.17080284e-06,7.09874337,1.94342200,0,0.19671883606108717
4.96173338e+09,8.49953802e-01,-9.84478037e-15,-5.64287613e-01,3.67199664,-1.03459941e-01,-1.36494998,8.21358323e-06,7.09974913,1.94759765,0,0.20327017469267128
5.11894678e+09,8.49952229e-01,-9.90970653e-15,-5.61990110e-01,3.67225164,-1.02821174e-01,-1.36558469,8.25636362e-06,7.10075488,1.95177330,0,0.20982151374097172
5.27616017e+09,8.49950656e-01,-9.97463269e-15,-5.59692607e-01,3.67250663,-1.02182407e-01,-1.36621939,8.29914401e-06,7.10176063,1.95594895,0,0.21637285237255582
5.44401511e+09,8.49948950e-01,-1.00465002e-14,-5.57211029e-01,3.67278088,-1.01490118e-01,-1.36689428,8.34606250e-06,7.10285582,1.96049312,0,0.22336764176628515
5.62104391e+09,8.49947130e-01,-1.01243517e-14,-5.54570764e-01,3.67307173,-1.00751688e-01,-1.36760380,8.39654834e-06,7.10402811,1.96535499,0,0.23074472088367443
5.79807271e+09,8.49945309e-01,-1.02022032e-14,-5.51930499e-01,3.67336258,-1.00013258e-01,-1.36831333,8.44703419e-06,7.10520040,1.97021686,0,0.23812180000106373
5.97510151e+09,8.49943489e-01,-1.02800547e-14,-5.49290235e-01,3.67365343,-9.92748285e-02,-1.36902285,8.49752003e-06,7.10637269,1.97507873,0,0.245498879118453
6.17072994e+09,8.49941422e-01,-1.03708850e-14,-5.46316915e-01,3.67397709,-9.84354812e-02,-1.36980135,8.55524670e-06,7.10771216,1.98063174,0,0.2536510351841364
6.36728221e+09,8.49939344e-01,-1.04623600e-14,-5.43327053e-01,3.67430237,-9.75911213e-02,-1.37058328,8.61333301e-06,7.10905992,1.98621908,0,0.2618416891709027
6.56383447e+09,8.49937265e-01,-1.05538350e-14,-5.40337190e-01,3.67462766,-9.67467615e-02,-1.37136521,8.67141932e-06,7.11040769,1.99180642,0,0.2700323427409527
6.77513369e+09,8.49934981e-01,-1.06565727e-14,-5.37055894e-01,3.67498693,-9.58246461e-02,-1.37220132,8.73807345e-06,7.11189990,1.99798025,0,0.27883752621043706
6.99076915e+09,8.49932636e-01,-1.07626222e-14,-5.33688904e-01,3.67535618,-9.48796671e-02,-1.37305337,8.80724689e-06,7.11343458,2.00432655,0,0.2878234078801689
7.20640461e+09,8.49930290e-01,-1.08686716e-14,-5.30321914e-01,3.67572544,-9.39346882e-02,-1.37390542,8.87642032e-06,7.11496927,2.01067284,0,0.2968092895499008
7.43938648e+09,8.49927689e-01,-1.09892912e-14,-5.26604105e-01,3.67613027,-9.28854356e-02,-1.37484631,8.95671764e-06,7.11668556,2.01774997,0,0.30651802444449033
7.67361574e+09,8.49925068e-01,-1.11109585e-14,-5.22861069e-01,3.67653765,-9.18286847e-02,-1.37579359,9.03781488e-06,7.11841492,2.02487967,0,0.3162787401168981
7.91464497e+09,8.49922341e-01,-1.12388309e-14,-5.18976813e-01,3.67695827,-9.07277963e-02,-1.37676473,9.12228346e-06,7.12021932,2.03230183,0,0.32632282164099713
8.16696435e+09,8.49919438e-01,-1.13770060e-14,-5.14858084e-01,3.67740087,-8.95536256e-02,-1.37777549,9.21234956e-06,7.12214831,2.04020960,0,0.336837382148161
8.42024290e+09,8.49916518e-01,-1.15161560e-14,-5.10718422e-01,3.67784533,-8.83727108e-02,-1.37878967,9.30291988e-06,7.12408844,2.04815990,0,0.3473919128351884
8.69012103e+09,8.49913324e-01,-1.16721792e-14,-5.06216471e-01,3.67832200,-8.70750803e-02,-1.37986298,9.40221648e-06,7.12622124,2.05684625,0,0.35863817512168117
8.95999916e+09,8.49910129e-01,-1.18282023e-14,-5.01714520e-01,3.67879867,-8.57774499e-02,-1.38093629,9.50151308e-06,7.12835405,2.06553261,0,0.36988443740817395
9.24580050e+09,8.49906654e-01,-1.20022315e-14,-4.96849031e-01,3.67930610,-8.43595540e-02,-1.38206568,9.60973178e-06,7.13068284,2.07498499,0,0.38179424585197447
9.53266038e+09,8.49903161e-01,-1.21774578e-14,-4.91959375e-01,3.67981556,-8.29336630e-02,-1.38319880,9.71854360e-06,7.13302465,2.08448829,0,0.39374816538577234
9.63502237e+09,8.49901879e-01,-1.22434727e-14,-4.90178877e-01,3.67999758,-8.24074392e-02,-1.38360040,9.75847156e-06,7.13388770,2.08797994,0,0.39801375662766864
9.73738435e+09,8.49900597e-01,-1.23094876e-14,-4.88398380e-01,3.68017959,-8.18812153e-02,-1.38400200,9.79839953e-06,7.13475074,2.09147159,0,0.4022793474528486
9.83974633e+09,8.49899315e-01,-1.23755025e-14,-4.86617882e-01,3.68036160,-8.13549914e-02,-1.38440359,9.83832750e-06,7.13561379,2.09496324,0,0.40654493827802857
9.94210831e+09,8.49898032e-01,-1.24415175e-14,-4.84837384e-01,3.68054361,-8.08287675e-02,-1.38480519,9.87825546e-06,7.13647683,2.09845488,0,0.41081052910320853
1.00444703e+10,8.49896750e-01,-1.25075324e-14,-4.83056886e-01,3.68072563,-8.03025437e-02,-1.38520679,9.91818343e-06,7.13733988,2.10194653,0,0.4150761203451048
1.01506889e+10,8.49895392e-01,-1.25787609e-14,-4.81176944e-01,3.68091639,-7.97440976e-02,-1.38562159,9.96057131e-06,7.13825785,2.10565105,0,0.4195024228220935
1.02583576e+10,8.49894005e-01,-1.26519496e-14,-4.79259615e-01,3.68111044,-7.91735369e-02,-1.38604136,1.00038841e-05,7.13919648,2.10943560,0,0.42398915333354953
1.03660262e+10,8.49892618e-01,-1.27251383e-14,-4.77342286e-01,3.68130449,-7.86029762e-02,-1.38646112,1.00471968e-05,7.14013511,2.11322015,0,0.42847587967784234
1.04736949e+10,8.49891231e-01,-1.27983270e-14,-4.75424956e-01,3.68149854,-7.80324155e-02,-1.38688089,1.00905095e-05,7.14107373,2.11700470,0,0.4329626101892984
1.05813635e+10,8.49889844e-01,-1.28715156e-14,-4.73507627e-01,3.68169260,-7.74618548e-02,-1.38730065,1.01338223e-05,7.14201236,2.12078924,0,0.4374493365335912
1.06934484e+10,8.49888365e-01,-1.29512929e-14,-4.71476779e-01,3.68189339,-7.68480090e-02,-1.38774679,1.01797153e-05,7.14301779,2.12483478,0,0.4421200973090394
1.08062271e+10,8.49886871e-01,-1.30321052e-14,-4.69428095e-01,3.68209523,-7.62273625e-02,-1.38819707,1.02260138e-05,7.14403371,2.12892132,0,0.4468197698632018
1.09190057e+10,8.49885377e-01,-1.31129176e-14,-4.67379412e-01,3.68229708,-7.56067161e-02,-1.38864736,1.02723123e-05,7.14504963,2.13300786,0,0.45151943825020097
1.10317844e+10,8.49883884e-01,-1.31937300e-14,-4.65330728e-01,3.68249893,-7.49860696e-02,-1.38909764,1.03186107e-05,7.14606555,2.13709440,0,0.45621911080436345
1.11463268e+10,8.49882351e-01,-1.32774638e-14,-4.63234300e-01,3.68270404,-7.43480827e-02,-1.38955334,1.03661069e-05,7.14711022,2.14129358,0,0.460992279616984
1.12639999e+10,8.49880748e-01,-1.33663833e-14,-4.61053124e-01,3.68291495,-7.36793159e-02,-1.39001867,1.04157290e-05,7.14820593,2.14569272,0,0.4658959098098592
1.13816729e+10,8.49879146e-01,-1.34553029e-14,-4.58871949e-01,3.68312586,-7.30105492e-02,-1.39048400,1.04653511e-05,7.14930163,2.15009185,0,0.4707995358355711
1.14993460e+10,8.49877543e-01,-1.35442224e-14,-4.56690773e-01,3.68333677,-7.23417824e-02,-1.39094932,1.05149733e-05,7.15039734,2.15449098,0,0.4757031660284463
1.16178526e+10,8.49875921e-01,-1.36346513e-14,-4.54486176e-01,3.68354910,-7.16641321e-02,-1.39141728,1.05651704e-05,7.15150760,2.15894713,0,0.4806415295271132
1.17402091e+10,8.49874209e-01,-1.37320514e-14,-4.52173404e-01,3.68376795,-7.09454527e-02,-1.39189736,1.06180234e-05,7.15268506,2.16366662,0,0.48574032464421757
1.18625655e+10,8.49872496e-01,-1.38294516e-14,-4.49860633e-01,3.68398680,-7.02267733e-02,-1.39237744,1.06708765e-05,7.15386252,2.16838612,0,0.49083911559415866
1.19849220e+10,8.49870784e-01,-1.39268517e-14,-4.47547862e-01,3.68420566,-6.95080940e-02,-1.39285752,1.07237295e-05,7.15503998,2.17310561,0,0.495937910711263
1.21085612e+10,8.49869039e-01,-1.40267243e-14,-4.45197670e-01,3.68442648,-6.87746396e-02,-1.39334167,1.07774277e-05,7.15624136,2.17791864,0,0.5010901580315336
1.22353938e+10,8.49867215e-01,-1.41327521e-14,-4.42754324e-01,3.68465220,-6.80044034e-02,-1.39383596,1.08332301e-05,7.15750227,2.18296455,0,0.5063754795434242
1.23622263e+10,8.49865391e-01,-1.42387799e-14,-4.40310977e-01,3.68487792,-6.72341672e-02,-1.39433025,1.08890324e-05,7.15876319,2.18801046,0,0.5116607968881516
1.24890589e+10,8.49863567e-01,-1.43448077e-14,-4.37867630e-01,3.68510363,-6.64639310e-02,-1.39482454,1.09448347e-05,7.16002410,2.19305637,0,0.5169461184000422
1.26186727e+10,8.49861669e-01,-1.44567670e-14,-4.35339750e-01,3.68533332,-6.56593586e-02,-1.39532752,1.10025989e-05,7.16134010,2.19831969,0,0.5223473370565855
1.27497792e+10,8.49859733e-01,-1.45719101e-14,-4.32766498e-01,3.68556513,-6.48363565e-02,-1.39583518,1.10614160e-05,7.16268566,2.20369971,0,0.527810758959146
1.28808856e+10,8.49857796e-01,-1.46870531e-14,-4.30193246e-01,3.68579694,-6.40133543e-02,-1.39634283,1.11202331e-05,7.16403123,2.20907972,0,0.5332741766945432
1.30129825e+10,8.49855831e-01,-1.48045337e-14,-4.27587714e-01,3.68603054,-6.31777806e-02,-1.39685350,1.11795863e-05,7.16539757,2.21454136,0,0.5387788701820541
1.31481520e+10,8.49853780e-01,-1.49292670e-14,-4.24882028e-01,3.68626967,-6.23031998e-02,-1.39737358,1.12406026e-05,7.16682837,2.22025625,0,0.5444116039279641
1.32833216e+10,8.49851729e-01,-1.50540004e-14,-4.22176341e-01,3.68650880,-6.14286190e-02,-1.39789365,1.13016190e-05,7.16825917,2.22597114,0,0.5500443418410373
1.34186633e+10,8.49849673e-01,-1.51791785e-14,-4.19464704e-01,3.68674827,-6.05517385e-02,-1.39841424,1.13626534e-05,7.16969376,2.23170102,0,0.5556842514420851
1.35576920e+10,8.49847507e-01,-1.53138857e-14,-4.16625597e-01,3.68699497,-5.96255922e-02,-1.39894596,1.14240730e-05,7.17120962,2.23775214,0,0.561477804352616
1.36967206e+10,8.49845341e-01,-1.54485928e-14,-4.13786489e-01,3.68724168,-5.86994459e-02,-1.39947769,1.14854927e-05,7.17272547,2.24380325,0,0.5672713530959835
1.38358727e+10,8.49843171e-01,-1.55836452e-14,-4.10943040e-01,3.68748846,-5.77712809e-02,-1.40001023,1.15469858e-05,7.17424472,2.24986675,0,0.5730700482859801
1.39785781e+10,8.49840889e-01,-1.57286438e-14,-4.07974512e-01,3.68773743,-5.67849615e-02,-1.40056629,1.16105939e-05,7.17586154,2.25628709,0,0.5790168152881779
1.41212835e+10,8.49838607e-01,-1.58736424e-14,-4.05005985e-01,3.68798640,-5.57986421e-02,-1.40112235,1.16742020e-05,7.17747836,2.26270743,0,0.5849635822903758
1.42646622e+10,8.49836303e-01,-1.60207645e-14,-4.02012482e-01,3.68823620,-5.48014895e-02,-1.40168005,1.17383723e-05,7.17910718,2.26918114,0,0.5909384068028191
1.44108926e+10,8.49833903e-01,-1.61768812e-14,-3.98913196e-01,3.68848950,-5.37584518e-02,-1.40224466,1.18049238e-05,7.18078684,2.27588090,0,0.597032066310015
1.45571230e+10,8.49831503e-01,-1.63329979e-14,-3.95813910e-01,3.68874281,-5.27154141e-02,-1.40280927,1.18714752e-05,7.18246650,2.28258066,0,0.6031257258172109
1.47050321e+10,8.49829044e-01,-1.64948997e-14,-3.92649416e-01,3.68899692,-5.16413905e-02,-1.40337823,1.19392917e-05,7.18418574,2.28944480,0,0.6092893394940919
1.48545922e+10,8.49826526e-01,-1.66624911e-14,-3.89420793e-01,3.68925182,-5.05368933e-02,-1.40395149,1.20083523e-05,7.18594392,2.29647060,0,0.6155217530364345
1.50041522e+10,8.49824008e-01,-1.68300824e-14,-3.86192169e-01,3.68950673,-4.94323960e-02,-1.40452474,1.20774129e-05,7.18770210,2.30349640,0,0.6217541624116139
1.51567181e+10,8.49821376e-01,-1.70091128e-14,-3.82836835e-01,3.68976497,-4.82712098e-02,-1.40510565,1.21491637e-05,7.18953525,2.31084266,0,0.6281118325472963
1.53094041e+10,8.49818739e-01,-1.71886001e-14,-3.79476438e-01,3.69002335,-4.71077587e-02,-1.40568686,1.22210220e-05,7.19137140,2.31820173,0,0.6344745074460568
1.54637115e+10,8.49816036e-01,-1.73748590e-14,-3.76044058e-01,3.69028336,-4.59116020e-02,-1.40627246,1.22943845e-05,7.19325068,2.32574974,0,0.6409047487299532
1.56193413e+10,8.49813280e-01,-1.75666406e-14,-3.72552969e-01,3.69054472,-4.46887708e-02,-1.40686165,1.23689738e-05,7.19516513,2.33345184,0,0.647390096580831
1.57756895e+10,8.49810493e-01,-1.77617284e-14,-3.69028466e-01,3.69080630,-4.34496742e-02,-1.40745255,1.24442054e-05,7.19710151,2.34125196,0,0.6539053813325855
1.59340800e+10,8.49807618e-01,-1.79662163e-14,-3.65408963e-01,3.69106850,-4.21643320e-02,-1.40804833,1.25212629e-05,7.19910022,2.34933078,0,0.6605057720596471
1.60926801e+10,8.49804733e-01,-1.81717773e-14,-3.61779543e-01,3.69133064,-4.08739027e-02,-1.40864461,1.25985264e-05,7.20110642,2.35743599,0,0.6671148971609067
1.62537077e+10,8.49801736e-01,-1.83897663e-14,-3.58035260e-01,3.69159204,-3.95245542e-02,-1.40924666,1.26781772e-05,7.20319951,2.36584696,0,0.6738251801503599
1.64147408e+10,8.49798740e-01,-1.86077865e-14,-3.54290701e-01,3.69185343,-3.81750617e-02,-1.40984872,1.27578336e-05,7.20529283,2.37425876,0,0.6805356923337925
1.65782243e+10,8.49795623e-01,-1.88395313e-14,-3.50424954e-01,3.69211345,-3.67622338e-02,-1.41045640,1.28399660e-05,7.20749207,2.38303573,0,0.6873483166858059
1.67417579e+10,8.49792503e-01,-1.90715867e-14,-3.46556735e-01,3.69237343,-3.53480793e-02,-1.41106420,1.29221574e-05,7.20969393,2.39182020,0,0.6941630287866137
1.69075703e+10,8.49789265e-01,-1.93177686e-14,-3.42576143e-01,3.69263134,-3.38736030e-02,-1.41167703,1.30070278e-05,7.21201541,2.40094582,0,0.7010727022038442
1.70737004e+10,8.49786010e-01,-1.95658403e-14,-3.38580625e-01,3.69288841,-3.23899768e-02,-1.41229055,1.30921238e-05,7.21434414,2.41009348,0,0.707995614698759
1.72418882e+10,8.49782646e-01,-1.98261492e-14,-3.34488455e-01,3.69314001,-3.08471046e-02,-1.41290858,1.31786816e-05,7.21671986,2.41938391,0,0.7150042749121235
1.74107499e+10,8.49779242e-01,-2.00911848e-14,-3.30365435e-01,3.69339028,-2.92861196e-02,-1.41350679,1.32663482e-05,7.21917530,2.42882022,0,0.7220410176387129
1.75809620e+10,8.49775757e-01,-2.03656930e-14,-3.26180593e-01,3.69363785,-2.76888364e-02,-1.41406529,1.33562368e-05,7.22179053,2.43854888,0,0.7291340337379972
1.77525638e+10,8.49772194e-01,-2.06490788e-14,-3.21941187e-01,3.69387818,-2.60497972e-02,-1.41465653,1.34464222e-05,7.22446344,2.44834103,0,0.7362849609051384
1.79250546e+10,8.49768581e-01,-2.09381435e-14,-3.17666877e-01,3.69411388,-2.43840476e-02,-1.41526873,1.35367974e-05,7.22717325,2.45817380,0,0.743472934153682
1.80993102e+10,8.49764850e-01,-2.12444754e-14,-3.13317954e-01,3.69433910,-2.26600250e-02,-1.41588602,1.36307862e-05,7.23010063,2.46842800,0,0.7507344494994797
1.82743920e+10,8.49761065e-01,-2.15621921e-14,-3.08936737e-01,3.69455868,-2.09085860e-02,-1.41650491,1.37284556e-05,7.23308333,2.47880900,0,0.7580303939481509
1.84505577e+10,8.49757208e-01,-2.18951966e-14,-3.04513441e-01,3.69477080,-1.91211681e-02,-1.41712581,1.38311663e-05,7.23613360,2.48934877,0,0.7653715062794227
1.86282985e+10,8.49753236e-01,-2.22547312e-14,-3.00010880e-01,3.69497370,-1.72756977e-02,-1.41774946,1.39429474e-05,7.23919496,2.50013288,0,0.77277825559924
1.88068835e+10,8.49749191e-01,-2.26299024e-14,-2.95446041e-01,3.69517085,-1.53875645e-02,-1.41837420,1.40589361e-05,7.24222082,2.51119839,0,0.7802201841113181
1.89862828e+10,8.49745064e-01,-2.30208991e-14,-2.90809797e-01,3.69536705,-1.34618393e-02,-1.41883893,1.41818667e-05,7.24516501,2.52262730,0,0.7876960458338415
1.91660818e+10,8.49740863e-01,-2.34241409e-14,-2.86087978e-01,3.69555988,-1.14865948e-02,-1.41936454,1.43048395e-05,7.24797517,2.53467837,0,0.7951885637079246
1.93462284e+10,8.49736577e-01,-2.38412683e-14,-2.81226559e-01,3.69575070,-9.43753402e-03,-1.41996597,1.44264062e-05,7.25034768,2.54726033,0,0.8026955666415075
1.95263278e+10,8.49732225e-01,-2.42682583e-14,-2.76249969e-01,3.69594251,-7.33285623e-03,-1.42057147,1.45469910e-05,7.25243807,2.56047719,0,0.8102006026740307
1.97057509e+10,8.49727811e-01,-2.47073425e-14,-2.71105322e-01,3.69613664,-5.14878062e-03,-1.42117293,1.46658219e-05,7.25407751,2.57454818,0,0.8176774561814106
1.98850556e+10,8.49723322e-01,-2.51605559e-14,-2.65801693e-01,3.69633304,-2.88976556e-03,-1.42177206,1.47842376e-05,7.25529158,2.58898685,0,0.8251493757674878
2.00631436e+10,8.49718781e-01,-2.56285442e-14,-2.60341230e-01,3.69653828,-5.70019967e-04,-1.42236509,1.49034791e-05,7.25624972,2.60433828,0,0.832570593478152
2.02405624e+10,8.49714176e-01,-2.61150708e-14,-2.54741957e-01,3.69674124,1.82369696e-03,-1.42291222,1.50251128e-05,7.25696567,2.62026972,0,0.8399639245322645
2.04172957e+10,8.49709501e-01,-2.66223102e-14,-2.48986400e-01,3.69694686,4.29023460e-03,-1.42316557,1.51545323e-05,7.25747198,2.63664893,0,0.8473286896822135
2.05932048e+10,8.49704756e-01,-2.71510343e-14,-2.43106557e-01,3.69714177,6.84033439e-03,-1.42371689,1.52796624e-05,7.25785354,2.65364584,0,0.8546591090725542
2.07685248e+10,8.49699933e-01,-2.77021572e-14,-2.37117126e-01,3.69732305,9.47249635e-03,-1.42427408,1.54061254e-05,7.25820107,2.67115017,0,0.8619649797041163
2.09429378e+10,8.49695037e-01,-2.82774922e-14,-2.31004399e-01,3.69749347,1.21880092e-02,-1.42482710,1.55346699e-05,7.25851710,2.68917088,0,0.8692330541648889
2.11162565e+10,8.49690070e-01,-2.88780091e-14,-2.24770606e-01,3.69765446,1.49829215e-02,-1.42537503,1.56655857e-05,7.25881224,2.70773516,0,0.8764555273580815
2.12883950e+10,8.49685032e-01,-2.95049507e-14,-2.18431157e-01,3.69780166,1.78582544e-02,-1.42542681,1.58083120e-05,7.25912232,2.72688495,0,0.8836288196904518
2.14592167e+10,8.49679923e-01,-3.01580683e-14,-2.12002298e-01,3.69792248,2.08310495e-02,-1.42592325,1.59423216e-05,7.25946055,2.74669478,0,0.8907472388169835
2.16284154e+10,8.49674750e-01,-3.08393686e-14,-2.05474162e-01,3.69802446,2.38911545e-02,-1.42643502,1.60775379e-05,7.25983988,2.76715127,0,0.897798024883767
2.17956759e+10,8.49669520e-01,-3.15496424e-14,-1.98843296e-01,3.69810662,2.70422579e-02,-1.42655384,1.62215785e-05,7.26027000,2.78827840,0,0.9047680429921996
2.19609081e+10,8.49664235e-01,-3.22903840e-14,-1.92133262e-01,3.69816280,3.02849115e-02,-1.42675868,1.63648429e-05,7.26075911,2.81012491,0,0.9116535385281819
2.21239471e+10,8.49658897e-01,-3.30601896e-14,-1.85364839e-01,3.69818024,3.36342451e-02,-1.42722986,1.65008246e-05,7.26130631,2.83274778,0,0.9184476398394941
2.22841171e+10,8.49653527e-01,-3.38629834e-14,-1.78496108e-01,3.69818338,3.70623309e-02,-1.42691903,1.66550833e-05,7.26192666,2.85609663,0,0.9251221852368093
2.24416622e+10,8.49648117e-01,-3.46956151e-14,-1.71614218e-01,3.69813282,4.06044050e-02,-1.42731247,1.67911702e-05,7.26261139,2.88033748,0,0.931687346765651
2.25958305e+10,8.49642693e-01,-3.55601445e-14,-1.64664307e-01,3.69805766,4.42296807e-02,-1.42701813,1.69413426e-05,7.26335831,2.90538268,0,0.9381117915254494
2.27466434e+10,8.49637255e-01,-3.64387201e-14,-1.57707627e-01,3.69793472,4.79538954e-02,-1.42720020,1.70704116e-05,7.26417564,2.93133420,0,0.9443964112891428
2.28945899e+10,8.49631795e-01,-3.71972572e-14,-1.50688944e-01,3.69778082,5.17710342e-02,-1.42709225,1.71336780e-05,7.26517600,2.95783942,0,0.9505615834850839
2.30400042e+10,8.49626301e-01,-3.79890929e-14,-1.43666219e-01,3.69757370,5.56966492e-02,-1.42720414,1.71905322e-05,7.26638497,2.98493865,0,0.9566212347728957
2.31809916e+10,8.49620849e-01,-3.88888180e-14,-1.36586258e-01,3.69734440,5.96952230e-02,-1.42678967,1.72933713e-05,7.26766340,3.01279078,0,0.9624964099102463
2.33173040e+10,8.49615445e-01,-3.98792947e-14,-1.29649400e-01,3.69703421,6.37840296e-02,-1.42561698,1.74334996e-05,7.26894005,3.04187578,0,0.9681767701650819
2.34483820e+10,8.49610110e-01,-4.09157959e-14,-1.22748343e-01,3.69665982,6.79833495e-02,-1.42548994,1.75506115e-05,7.27020642,3.07186063,0,0.9736390044261125
2.35740482e+10,8.49604864e-01,-4.19913812e-14,-1.15928511e-01,3.69623532,7.22422659e-02,-1.42473653,1.76807494e-05,7.27149839,3.10282213,0,0.9788757201457111
2.36942028e+10,8.49599719e-01,-4.30922052e-14,-1.09159062e-01,3.69576830,7.65610253e-02,-1.42415676,1.78005105e-05,7.27282635,3.13461512,0,0.9838827584949416
2.38089484e+10,8.49594677e-01,-4.42177443e-14,-1.02591050e-01,3.69521715,8.09473191e-02,-1.42297394,1.79238310e-05,7.27421149,3.16739109,0,0.9886643949833113
2.39063295e+10,8.49590296e-01,-4.52443787e-14,-9.65854849e-02,3.69459845,8.51875066e-02,-1.42172367,1.80066938e-05,7.27521526,3.20297324,0,0.9927224244069892
2.39942402e+10,8.49586245e-01,-4.63586981e-14,-9.08637026e-02,3.69393091,8.93834753e-02,-1.42010685,1.81231332e-05,7.27575092,3.23990624,0,0.996385806801069
2.40809705e+10,8.49582152e-01,-4.74754303e-14,-8.52976358e-02,3.69318175,9.36648243e-02,-1.41847899,1.82193725e-05,7.27651658,3.27693595,2,2.0
2.42524556e+10,8.49573771e-01,-4.97608572e-14,-7.42386752e-02,3.69146481,1.02628199e-01,-1.41522534,1.83545511e-05,7.27894991,3.35271684,2,2.073546874831128
2.44125422e+10,8.49565583e-01,-5.20996140e-14,-6.37166100e-02,3.68950030,1.11818248e-01,-1.41207710,1.84285272e-05,7.28246019,3.42908127,2,2.1422051380408225
2.45573165e+10,8.49557835e-01,-5.44985196e-14,-5.38017781e-02,3.68731739,1.21141477e-01,-1.40876518,1.84543760e-05,7.28697551,3.50622961,2,2.2042962312078913
2.46854684e+10,8.49550668e-01,-5.69297189e-14,-4.44506889e-02,3.68492133,1.30609142e-01,-1.40558790,1.84131538e-05,7.29240311,3.58390557,2,2.259258276007534
2.47977525e+10,8.49544113e-01,-5.94146220e-14,-3.56563596e-02,3.68231055,1.40227876e-01,-1.40239891,1.83125289e-05,7.29882055,3.66173082,2,2.307414906806512
2.48963251e+10,8.49538107e-01,-6.20135285e-14,-2.70699038e-02,3.67952799,1.50086223e-01,-1.39927614,1.81632042e-05,7.30624031,3.73915888,2,2.3496909218887483
2.49837293e+10,8.49532547e-01,-6.48090924e-14,-1.81820154e-02,3.67664786,1.60290422e-01,-1.39621788,1.79646580e-05,7.31456049,3.81577462,2,2.3871770111006674
2.50618334e+10,8.49527349e-01,-6.79000244e-14,-8.63416073e-03,3.67369202,1.70976036e-01,-1.39326480,1.77362288e-05,7.32365337,3.89103240,2,2.4206744547065426
2.51324556e+10,8.49522415e-01,-7.14315480e-14,2.24184730e-03,3.67076638,1.82265318e-01,-1.39038020,1.75227662e-05,7.33318207,3.96441667,2,2.450963045981813
2.51968835e+10,8.49517665e-01,-7.55439238e-14,1.48844251e-02,3.66794624,1.94226888e-01,-1.38763702,1.73444023e-05,7.34275490,4.03518735,2,2.478595013405994
2.52560968e+10,8.49513033e-01,-8.04138735e-14,2.96499119e-02,3.66533923,2.06823649e-01,-1.38507862,1.72360128e-05,7.35194286,4.10254811,2,2.5039905326868994
2.53106342e+10,8.49508476e-01,-8.61262852e-14,4.66313194e-02,3.66303170,2.19929410e-01,-1.38258936,1.72142390e-05,7.36040560,4.16564177,2,2.5273806425647556
2.53607991e+10,8.49503973e-01,-9.27295441e-14,6.57088216e-02,3.66108565,2.33360262e-01,-1.38043924,1.72888252e-05,7.36787331,4.22371383,2,2.5488954658422065
2.54071776e+10,8.49499478e-01,-1.00298736e-13,8.64531762e-02,3.65949050,2.46922741e-01,-1.37838518,1.74704473e-05,7.37431576,4.27680751,2,2.5687863702668796
2.54502091e+10,8.49494958e-01,-1.08809251e-13,1.08488807e-01,3.65821095,2.60499652e-01,-1.37649541,1.77422837e-05,7.37978269,4.32511219,2,2.5872418065951415
2.54903560e+10,8.49490376e-01,-1.18286864e-13,1.31466357e-01,3.65717194,2.74066453e-01,-1.37490472,1.80862468e-05,7.38439405,4.36906696,2,2.6044600898696526
2.55281579e+10,8.49485683e-01,-1.28769392e-13,1.55147200e-01,3.65637189,2.87506972e-01,-1.37343658,1.85057175e-05,7.38832313,4.40933697,2,2.6206726448244493
2.55639793e+10,8.49480834e-01,-1.40374123e-13,1.79329593e-01,3.65572897,3.00884006e-01,-1.37214721,1.89980645e-05,7.39171170,4.44642678,2,2.6360357989531504
2.55981183e+10,8.49475797e-01,-1.53099532e-13,2.03893906e-01,3.65522810,3.14167901e-01,-1.37099855,1.95487079e-05,7.39469410,4.48081208,2,2.650677401983734
2.56307312e+10,8.49470542e-01,-1.67192661e-13,2.28746439e-01,3.65480660,3.27437165e-01,-1.36998914,2.01524840e-05,7.39737498,4.51281382,2,2.6646644881747794
2.56619928e+10,8.49465043e-01,-1.82730037e-13,2.53824345e-01,3.65445957,3.40670181e-01,-1.36904475,2.08071955e-05,7.39984920,4.54278439,2,2.6780720261021025
2.56920904e+10,8.49459256e-01,-1.99827911e-13,2.79065675e-01,3.65413214,3.53945708e-01,-1.36821474,2.14935403e-05,7.40218466,4.57108182,2,2.6909803453666763
2.57211332e+10,8.49453150e-01,-2.18642757e-13,3.04454968e-01,3.65384781,3.67209007e-01,-1.36741011,2.22235185e-05,7.40440401,4.59782846,2,2.703436279884284
2.57490298e+10,8.49446735e-01,-2.39199251e-13,3.29967626e-01,3.65355318,3.80554597e-01,-1.36673110,2.29638853e-05,7.40655055,4.62309287,2,2.7154006298389683
2.57758977e+10,8.49439975e-01,-2.61814953e-13,3.55578086e-01,3.65324449,3.93977224e-01,-1.36611819,2.37291733e-05,7.40865855,4.64708665,2,2.726923788867218
2.58017707e+10,8.49432851e-01,-2.86672825e-13,3.81272874e-01,3.65292732,4.07458939e-01,-1.36557061,2.45204799e-05,7.41075988,4.66994145,2,2.7380202531810607
2.58266270e+10,8.49425359e-01,-3.13962989e-13,4.07040343e-01,3.65259121,4.21014896e-01,-1.36509953,2.53313604e-05,7.41287198,4.69171857,2,2.748680673152621
2.58506954e+10,8.49417413e-01,-3.43993283e-13,4.32855406e-01,3.65222552,4.34653825e-01,-1.36463815,2.61634299e-05,7.41504082,4.71270454,2,2.759003176986397
2.58736868e+10,8.49409095e-01,-3.77021448e-13,4.58725228e-01,3.65182146,4.48396842e-01,-1.36426543,2.70094207e-05,7.41724385,4.73272256,2,2.7688637748925267
2.58957317e+10,8.49400357e-01,-4.13276125e-13,4.84639597e-01,3.65138954,4.62217864e-01,-1.36394344,2.78693185e-05,7.41949772,4.75190815,2,2.7783184359736626
2.59169049e+10,8.49391156e-01,-4.53178375e-13,5.10589678e-01,3.65093534,4.76101311e-01,-1.36365414,2.87527209e-05,7.42182316,4.77039803,2,2.787399240604353
2.59371611e+10,8.49381506e-01,-4.97009192e-13,5.36558210e-01,3.65041455,4.90127149e-01,-1.36343032,2.96320562e-05,7.42421617,4.78819992,2,2.796086760429424
2.59565986e+10,8.49371350e-01,-5.45266246e-13,5.62547606e-01,3.64985887,5.04233216e-01,-1.36322193,3.05281987e-05,7.42668553,4.80543119,2,2.8044231545507214
2.59750951e+10,8.49360749e-01,-5.98268762e-13,5.88567202e-01,3.64928771,5.18385325e-01,-1.36306908,3.14430463e-05,7.42920624,4.82200432,2,2.8123559706980945
2.59928604e+10,8.49349576e-01,-6.56631571e-13,6.14588872e-01,3.64866063,5.32650333e-01,-1.36291797,3.23630389e-05,7.43181199,4.83813812,2,2.819975188317803
2.60097749e+10,8.49337901e-01,-7.20788499e-13,6.40623838e-01,3.64799871,5.46991642e-01,-1.36281509,3.32924199e-05,7.43447606,4.85373669,2,2.8272295131211305
2.60259111e+10,8.49325675e-01,-7.91417479e-13,6.66660214e-01,3.64728876,5.61429737e-01,-1.36273279,3.42276351e-05,7.43720607,4.86887988,2,2.834150039053996
2.60413050e+10,8.49312868e-01,-8.69060899e-13,6.92701376e-01,3.64655500,5.75917850e-01,-1.36266988,3.51768737e-05,7.43999182,4.88369167,2,2.840752205868856
2.60559429e+10,8.49299497e-01,-9.54478641e-13,7.18744551e-01,3.64577546,5.90498511e-01,-1.36262675,3.61278657e-05,7.44283362,4.89799883,2,2.847030137882136
2.60698513e+10,8.49285546e-01,-1.04849276e-12,7.44784061e-01,3.64495004,6.05169106e-01,-1.36261022,3.70804858e-05,7.44571892,4.91188643,2,2.8529952004671726
2.60831511e+10,8.49270888e-01,-1.15204478e-12,7.70815934e-01,3.64408615,6.19912812e-01,-1.36259642,3.80400549e-05,7.44867433,4.92549067,2,2.8586992454592974
2.60958679e+10,8.49255493e-01,-1.26573926e-12,7.96844071e-01,3.64319561,6.34707969e-01,-1.36258181,3.90012200e-05,7.45169792,4.93883584,2,2.864153252238035
2.61079601e+10,8.49239407e-01,-1.39098214e-12,8.22864690e-01,3.64226853,6.49572441e-01,-1.36258069,3.99679707e-05,7.45476756,4.95186866,2,2.869339379311658
2.61195281e+10,8.49222498e-01,-1.52880259e-12,8.48873785e-01,3.64130749,6.64499068e-01,-1.36258014,4.09362458e-05,7.45790095,4.96469239,2,2.874300686434239
2.61305765e+10,8.49204747e-01,-1.68055274e-12,8.74866272e-01,3.64030595,6.79498395e-01,-1.36257986,4.19012381e-05,7.46109160,4.97730313,2,2.879039146463036
2.61411585e+10,8.49186060e-01,-1.84731238e-12,9.00865645e-01,3.63930446,6.94501047e-01,-1.36257972,4.28823849e-05,7.46433860,4.98973909,2,2.8835775759211226
2.61513008e+10,8.49166374e-01,-2.03096778e-12,9.26819006e-01,3.63822661,7.09633427e-01,-1.36257969,4.38306356e-05,7.46766408,5.00205729,2,2.8879274259582384
2.61610508e+10,8.49145566e-01,-2.23307889e-12,9.52762786e-01,3.63712839,7.24801768e-01,-1.36257969,4.47825737e-05,7.47106322,5.01428992,2,2.8921090255817825
2.61704989e+10,8.49123395e-01,-2.45538134e-12,9.78689155e-01,3.63600644,7.40008854e-01,-1.36257969,4.57329479e-05,7.47455249,5.02652955,2,2.896161145725702
2.61796321e+10,8.49099829e-01,-2.70026212e-12,1.00457331,3.63482941,7.55304980e-01,-1.36257969,4.66619480e-05,7.47814386,5.03878682,2,2.900078210923831
2.61885994e+10,8.49074383e-01,-2.96953496e-12,1.03044451,3.63364576,7.70607882e-01,-1.36257969,4.76007410e-05,7.48188171,5.05124185,2,2.9039241245960574
2.61975731e+10,8.49046377e-01,-3.26613425e-12,1.05628358,3.63244715,7.85924638e-01,-1.36257969,4.85512308e-05,7.48584642,5.06417000,2,2.9077727831131654
2.62069754e+10,8.49014092e-01,-3.59225588e-12,1.08204480,3.63122115,8.01257247e-01,-1.36257969,4.94973800e-05,7.49026066,5.07826039,2,2.911805260460904
2.62183268e+10,8.48971150e-01,-3.94919719e-12,1.10761581,3.63002926,8.16426536e-01,-1.36257969,5.04904390e-05,7.49592684,5.09604452,2,2.9166736717395403
2.62396090e+10,8.48884771e-01,-3.94689668e-12,1.10709785,3.63059068,8.15044713e-01,-1.36257969,5.10708522e-05,7.50703689,5.13128831,2,2.925801224509612
2.62477978e+10,8.48853901e-01,-3.58986112e-12,1.08178484,3.63230918,7.98951208e-01,-1.36257969,5.05456774e-05,7.51098350,5.14502359,2,2.929313253534974
2.62574603e+10,8.48819222e-01,-3.75206333e-12,1.09544431,3.63177373,8.06851856e-01,-1.36256737,5.08637508e-05,7.51420922,5.15987450,2,2.93345732598241
2.62652351e+10,8.48788601e-01,-4.12685064e-12,1.12129311,3.63044298,8.22437748e-01,-1.36255169,5.17488529e-05,7.51515143,5.17029000,2,2.9367917978545264
2.62725534e+10,8.48756870e-01,-4.54155706e-12,1.14713773,3.62908079,8.38084431e-01,-1.36253809,5.26425127e-05,7.51543728,5.18010249,2,2.9399304850878583
2.62794368e+10,8.48724039e-01,-4.99608710e-12,1.17298263,3.62770679,8.53754883e-01,-1.36252581,5.35167847e-05,7.51550120,5.18951865,2,2.9428826515338793
2.62860497e+10,8.48689325e-01,-5.50069260e-12,1.19880041,3.62629602,8.69485319e-01,-1.36251468,5.44121574e-05,7.51566011,5.19880105,2,2.945718805395473
2.62922510e+10,8.48653489e-01,-6.05382289e-12,1.22460424,3.62485638,8.85266507e-01,-1.36250473,5.52687435e-05,7.51605769,5.20772785,2,2.948378431420651
2.62981143e+10,8.48616206e-01,-6.65936587e-12,1.25038452,3.62338413,9.01101151e-01,-1.36249578,5.60765170e-05,7.51674418,5.21640800,2,2.9508930953255463
2.63037380e+10,8.48576840e-01,-7.33486189e-12,1.27615961,3.62190505,9.16946858e-01,-1.36248722,5.69591251e-05,7.51773296,5.22499091,2,2.9533049991002054
2.63090031e+10,8.48536277e-01,-8.07372079e-12,1.30189421,3.62038321,9.32857843e-01,-1.36247743,5.77678417e-05,7.51898123,5.23329198,2,2.955563105785121
2.63140616e+10,8.48493376e-01,-8.88862508e-12,1.32764348,3.61887546,9.48747977e-01,-1.36246069,5.86059042e-05,7.52049382,5.24154448,2,2.9577326054462185
2.63188687e+10,8.48448504e-01,-9.77833164e-12,1.35335684,3.61732071,9.64714154e-01,-1.36243388,5.93485391e-05,7.52223043,5.24967126,2,2.9597942841693303
2.63234534e+10,8.48401411e-01,-1.07644602e-11,1.37904075,3.61574100,9.80715528e-01,-1.36240308,6.01018137e-05,7.52417220,5.25776452,2,2.961760579532824
2.63278230e+10,8.48352001e-01,-1.18504978e-11,1.40470702,3.61413798,9.96754699e-01,-1.36237523,6.08244571e-05,7.52630893,5.26574136,2,2.963634622375392
2.63319596e+10,8.48300474e-01,-1.30551549e-11,1.43034559,3.61250529,1.01283937,-1.36235503,6.15454311e-05,7.52861064,5.27361042,2,2.965408735709008
2.63358671e+10,8.48246895e-01,-1.43666133e-11,1.45595979,3.61084904,1.02895897,-1.36233666,6.21581432e-05,7.53104795,5.28135677,2,2.9670845921735207
2.63396076e+10,8.48190439e-01,-1.58260577e-11,1.48154053,3.60916244,1.04512254,-1.36232482,6.27796297e-05,7.53363991,5.28909373,2,2.9686888253419177
2.63431503e+10,8.48131538e-01,-1.74240574e-11,1.50712293,3.60747270,1.06129321,-1.36231159,6.33400888e-05,7.53635306,5.29675148,2,2.970208225648208
2.63464972e+10,8.48070282e-01,-1.91864769e-11,1.53267555,3.60575522,1.07750448,-1.36229902,6.38479601e-05,7.53915973,5.30430492,2,2.9716436508564175
2.63496841e+10,8.48006066e-01,-2.11272302e-11,1.55819602,3.60401069,1.09375378,-1.36228532,6.42878683e-05,7.54207483,5.31182919,2,2.9730104549425995
2.63527285e+10,8.47938524e-01,-2.32599873e-11,1.58371186,3.60227199,1.10998911,-1.36227185,6.46870248e-05,7.54510138,5.31935027,2,2.9743161433419756
2.63555958e+10,8.47868472e-01,-2.56045663e-11,1.60918218,3.60048194,1.12630437,-1.36226045,6.49599538e-05,7.54818576,5.32675697,2,2.975545876736908
2.63583317e+10,8.47794881e-01,-2.81910247e-11,1.63464937,3.59868721,1.14262742,-1.36225206,6.51866341e-05,7.55136362,5.33415706,2,2.976719255035375
2.63609372e+10,8.47717697e-01,-3.10564481e-11,1.66007580,3.59685947,1.15899611,-1.36224400,6.53499463e-05,7.55462217,5.34153816,2,2.97783670711939
2.63634008e+10,8.47637328e-01,-3.41954899e-11,1.68547867,3.59500764,1.17540121,-1.36223679,6.53905953e-05,7.55793196,5.34885037,2,2.9788933008458067
2.63657438e+10,8.47553182e-01,-3.76571377e-11,1.71086659,3.59314572,1.19181901,-1.36222836,6.53756495e-05,7.56130502,5.35613388,2,2.9798981714014956
2.63679847e+10,8.47464559e-01,-4.14761161e-11,1.73624237,3.59127378,1.20825078,-1.36222059,6.53098550e-05,7.56476393,5.36345410,2,2.9808592531036906
2.63700989e+10,8.47372489e-01,-4.56588138e-11,1.76160158,3.58938447,1.22470900,-1.36221336,6.51425359e-05,7.56824286,5.37067827,2,2.98176599545488
2.63721258e+10,8.47275288e-01,-5.02940131e-11,1.78692408,3.58746736,1.24120448,-1.36220653,6.49371301e-05,7.57180557,5.37794751,2,2.982635296406363
2.63740367e+10,8.47174358e-01,-5.53878706e-11,1.81223337,3.58553669,1.25772046,-1.36220009,6.46677834e-05,7.57538538,5.38513134,2,2.983454847044377
2.63758651e+10,8.47068026e-01,-6.09756770e-11,1.83751488,3.58358450,1.27426560,-1.36219389,6.43203698e-05,7.57903436,5.39234300,2,2.9842390149163447
2.63775991e+10,8.46956960e-01,-6.71801868e-11,1.86275170,3.58159804,1.29085692,-1.36218804,6.39562968e-05,7.58271450,5.39951679,2,2.9849826963263166
2.63792552e+10,8.46840136e-01,-7.39837427e-11,1.88799215,3.57961352,1.30744619,-1.36218240,6.35622095e-05,7.58645137,5.40670790,2,2.9856929678275015
2.63808268e+10,8.46718037e-01,-8.14570338e-11,1.91321579,3.57761537,1.32405430,-1.36217701,6.31342234e-05,7.59021710,5.41386877,2,2.9863669987986157
2.63823256e+10,8.46589789e-01,-8.97342886e-11,1.93841459,3.57559827,1.34068790,-1.36217195,6.27221665e-05,7.59402788,5.42103672,2,2.9870098071592075
2.63837478e+10,8.46455781e-01,-9.87999567e-11,1.96359582,3.57356740,1.35734027,-1.36216713,6.22734230e-05,7.59786146,5.42817509,2,2.9876197631576282
2.63851073e+10,8.46314712e-01,-1.08847551e-10,1.98874046,3.57151177,1.37402385,-1.36216246,6.18460631e-05,7.60174521,5.43533866,2,2.988202828253855
2.63863973e+10,8.46167295e-01,-1.19858698e-10,2.01388913,3.56945668,1.39070836,-1.36215802,6.14090637e-05,7.60564733,5.44247325,2,2.9887560860502007
2.63876307e+10,8.46012073e-01,-1.32015259e-10,2.03900873,3.56738051,1.40742049,-1.36215377,6.09723243e-05,7.60959705,5.44963648,2,2.9892850691246293
2.63888049e+10,8.45849328e-01,-1.45400534e-10,2.06409733,3.56528165,1.42416251,-1.36214969,6.05141860e-05,7.61357416,5.45679764,2,2.989788662383908
2.63899246e+10,8.45678385e-01,-1.60139626e-10,2.08915866,3.56316307,1.44093035,-1.36214578,6.00353581e-05,7.61758454,5.46396658,2,2.990268881573496
2.63909910e+10,8.45499058e-01,-1.76349233e-10,2.11419589,3.56102826,1.45771857,-1.36214201,5.95292024e-05,7.62162142,5.47113681,2,2.9907262413518088
2.63920094e+10,8.45310469e-01,-1.94244240e-10,2.13922735,3.55888861,1.47451361,-1.36213838,5.90294945e-05,7.62569262,5.47832616,2,2.991163014793513
2.63929806e+10,8.45112361e-01,-2.13921558e-10,2.16424119,3.55673673,1.49132429,-1.36213486,5.84984055e-05,7.62979346,5.48552767,2,2.9915795450042193
2.63939037e+10,8.44905012e-01,-2.35613861e-10,2.18921578,3.55455808,1.50816887,-1.36213152,5.79276388e-05,7.63390588,5.49271643,2,2.991975445990116
2.63947899e+10,8.44685795e-01,-2.59528784e-10,2.21418791,3.55237803,1.52501506,-1.36212829,5.73501113e-05,7.63807212,5.49996298,2,2.9923555212297455
2.63956362e+10,8.44455192e-01,-2.85820059e-10,2.23916163,3.55020110,1.54185578,-1.36212518,5.67557951e-05,7.64226832,5.50723356,2,2.992718484077069
2.63964426e+10,8.44213168e-01,-3.14796209e-10,2.26409727,3.54799735,1.55873108,-1.36212217,5.61177994e-05,7.64648432,5.51450780,2,2.9930643345320873
2.63972122e+10,8.43958791e-01,-3.46704031e-10,2.28900750,3.54577521,1.57563048,-1.36211929,5.54528345e-05,7.65072411,5.52179975,2,2.993394402129039
2.63979485e+10,8.43690741e-01,-3.81888987e-10,2.31390636,3.54355404,1.59252225,-1.36211651,5.48066869e-05,7.65499874,5.52912686,2,2.993710187954969
2.63986528e+10,8.43408342e-01,-4.20557156e-10,2.33877306,3.54130784,1.60944800,-1.36211382,5.41359953e-05,7.65930444,5.53649304,2,2.9940122495564934
2.63993253e+10,8.43111354e-01,-4.63309583e-10,2.36361280,3.53904452,1.62639452,-1.36211121,5.34918999e-05,7.66363398,5.54387515,2,2.9943006727100148
2.63999689e+10,8.42798322e-01,-5.10291021e-10,2.38842736,3.53677121,1.64334841,-1.36210871,5.28589252e-05,7.66799521,5.55129536,2,2.9945767011733695
2.64005840e+10,8.42468770e-01,-5.62044939e-10,2.41326949,3.53450804,1.66029581,-1.36210628,5.22767511e-05,7.67238253,5.55874396,2,2.9948405064993637
2.64011732e+10,8.42121108e-01,-6.19027340e-10,2.43807506,3.53222459,1.67726550,-1.36210393,5.17092988e-05,7.67680468,5.56623773,2,2.99509320378123
2.64017378e+10,8.41754140e-01,-6.81791350e-10,2.46286875,3.52993059,1.69425034,-1.36210164,5.11698525e-05,7.68126244,5.57378344,2,2.995335350565584
2.64022771e+10,8.41368021e-01,-7.51087868e-10,2.48762725,3.52761854,1.71125369,-1.36209945,5.06628249e-05,7.68574113,5.58134910,2,2.9955666466350177
2.64027938e+10,8.40960577e-01,-8.27234864e-10,2.51235079,3.52529225,1.72826805,-1.36209731,5.01694294e-05,7.69025384,5.58896218,2,2.995788249970965
2.64032885e+10,8.40531002e-01,-9.11118310e-10,2.53704997,3.52294436,1.74531343,-1.36209526,4.96919826e-05,7.69479914,5.59662682,2,2.996000417902633
2.64037627e+10,8.40077307e-01,-1.00370429e-09,2.56171606,3.52057794,1.76237930,-1.36209327,4.92485468e-05,7.69937683,5.60433068,2,2.996203793753042
2.64042164e+10,8.39599277e-01,-1.10548339e-09,2.58631006,3.51817664,1.77947890,-1.36209134,4.88137747e-05,7.70398130,5.61206561,2,2.9963983775221905
2.64046514e+10,8.39094381e-01,-1.21747625e-09,2.61089273,3.51576691,1.79658968,-1.36208948,4.84288248e-05,7.70864480,5.61990143,2,2.996584941197703
2.64050687e+10,8.38561042e-01,-1.34087391e-09,2.63541326,3.51332761,1.81372856,-1.36208768,4.80945836e-05,7.71331500,5.62773794,2,2.9967639136615905
2.64054696e+10,8.37996583e-01,-1.47701748e-09,2.65992869,3.51088395,1.83087359,-1.36208593,4.78491406e-05,7.71803915,5.63563538,2,2.9969358524604703
2.64058546e+10,8.37399541e-01,-1.62691245e-09,2.68441361,3.50842496,1.84803404,-1.36208423,4.76864522e-05,7.72281301,5.64358857,2,2.9971009720353488
2.64062236e+10,8.36769384e-01,-1.79180789e-09,2.70883762,3.50593285,1.86523026,-1.36208260,4.76036784e-05,7.72762419,5.65157991,2,2.9972592294980247
2.64065791e+10,8.36100641e-01,-1.97375149e-09,2.73323651,3.50341815,1.88245910,-1.36208101,4.76326730e-05,7.73249679,5.65964914,2,2.997411697053529
2.64069208e+10,8.35392492e-01,-2.17394052e-09,2.75756817,3.50085707,1.89974709,-1.36207947,4.77595156e-05,7.73741574,5.66777810,2,2.9975582460372587
2.64072490e+10,8.34643439e-01,-2.39477414e-09,2.78184551,3.49826490,1.91707010,-1.36207797,4.80197399e-05,7.74236733,5.67595624,2,2.9976990051138177
2.64075650e+10,8.33849054e-01,-2.63803514e-09,2.80604256,3.49563169,1.93443505,-1.36207653,4.84190653e-05,7.74735380,5.68420696,2,2.9978345318298216
2.64078683e+10,8.33009001e-01,-2.90545909e-09,2.83015930,3.49295383,1.95184915,-1.36207513,4.89693541e-05,7.75234570,5.69251010,2,2.9979646117442647
2.64081603e+10,8.32118319e-01,-3.20036240e-09,2.85419528,3.49023137,1.96931206,-1.36207378,4.97178321e-05,7.75734123,5.70089676,2,2.9980898452919647
2.64084404e+10,8.31177249e-01,-3.52494336e-09,2.87811734,3.48745765,1.98682051,-1.36207248,5.06928504e-05,7.76231164,5.70934776,2,2.9982099751437143
2.64087096e+10,8.30181193e-01,-3.88222678e-09,2.90195497,3.48463754,2.00437956,-1.36207123,5.19194184e-05,7.76726255,5.71788705,2,2.9983254301815254
2.64089670e+10,8.29132451e-01,-4.27500993e-09,2.92569274,3.48176556,2.02199240,-1.36207002,5.34146420e-05,7.77217474,5.72647297,2,2.9984358244115867
2.64092157e+10,8.28016388e-01,-4.70792599e-09,2.94930843,3.47883025,2.03967086,-1.36206886,5.52223777e-05,7.77711029,5.73519099,2,2.9985424873681383
2.64094543e+10,8.26837585e-01,-5.18245413e-09,2.97278149,3.47588885,2.05729020,-1.36206775,5.73545111e-05,7.78204450,5.74397795,2,2.9986448186163615
2.64096840e+10,8.25588368e-01,-5.70526222e-09,2.99608600,3.47283017,2.07505981,-1.36206668,5.99101135e-05,7.78699895,5.75285557,2,2.998743332814672
2.64099045e+10,8.24268282e-01,-6.28034450e-09,3.01927798,3.46972402,2.09286809,-1.36206565,6.29607831e-05,7.79196755,5.76181523,2,2.998837901298466
2.64101165e+10,8.22871030e-01,-6.91073710e-09,3.04228221,3.46657742,2.11066342,-1.36206467,6.65940347e-05,7.79694017,5.77082581,2,2.9989288242851524
2.64103201e+10,8.21394925e-01,-7.60419661e-09,3.06512074,3.46333532,2.12856689,-1.36206372,7.09788679e-05,7.80191191,5.77989236,2,2.9990161446629324
2.64105165e+10,8.19827659e-01,-8.36828875e-09,3.08788654,3.46003432,2.14655178,-1.36206282,7.62856118e-05,7.80690374,5.78905846,2,2.9991003770902207
2.64107061e+10,8.18162992e-01,-9.20756694e-09,3.11050900,3.45669312,2.16454542,-1.36206195,8.26141781e-05,7.81191524,5.79832962,2,2.9991816931198234
2.64108881e+10,8.16405260e-01,-1.01276141e-08,3.13294159,3.45330530,2.18253734,-1.36206112,9.06810907e-05,7.81691470,5.80764804,2,2.9992597496461295
2.64110627e+10,8.14550478e-01,-1.11346571e-08,3.15510781,3.44984164,2.20054778,-1.36206034,1.02430865e-04,7.82189563,5.81700557,2,2.999334632445542
2.64112311e+10,8.12585240e-01,-1.22363985e-08,3.17710321,3.44637457,2.21847962,-1.36205959,1.17192066e-04,7.82688051,5.82645007,2,2.999406856176476
2.64113924e+10,8.10516748e-01,-1.34322187e-08,3.19879905,3.44295663,2.23616343,-1.36205888,1.35152033e-04,7.83183330,5.83591089,2,2.9994760348451197
2.64115475e+10,8.08333439e-01,-1.47415518e-08,3.22027650,3.43944874,2.25391792,-1.36205822,1.57618405e-04,7.83676760,5.84541784,2,2.9995425544452847
2.64116964e+10,8.06034286e-01,-1.61602695e-08,3.24140747,3.43597113,2.27143862,-1.36205759,1.84780217e-04,7.84167122,5.85494968,2,2.9996064149769714
2.64118398e+10,8.03609125e-01,-1.77043021e-08,3.26228030,3.43246855,2.28888020,-1.36205700,2.17810752e-04,7.84655036,5.86451685,2,2.9996679166575886
2.64119778e+10,8.01050755e-01,-1.93821847e-08,3.28287833,3.42895605,2.30620421,-1.36205644,2.57466651e-04,7.85140302,5.87411402,2,2.999727102375337
2.64121082e+10,7.98410347e-01,-2.11575723e-08,3.30277077,3.42555922,2.32294410,-1.36205594,3.02899552e-04,7.85611964,5.88351576,2,2.9997830285897895
2.64122334e+10,7.95643203e-01,-2.30736844e-08,3.32225385,3.42209776,2.33960855,-1.36205546,3.56921094e-04,7.86070652,5.89270149,2,2.999836724617776
2.64123563e+10,7.92682454e-01,-2.51542082e-08,3.34162860,3.41869171,2.35610803,-1.36205502,4.18794231e-04,7.86533891,5.90202356,2,2.9998894342171334
2.64124773e+10,7.89503200e-01,-2.73958058e-08,3.36073006,3.41535612,2.37232995,-1.36205460,4.88432378e-04,7.86980350,5.91107963,2,2.9999413289406665
2.64126141e+10,7.85576709e-01,-2.98532593e-08,3.37964454,3.41201016,2.38847911,-1.36205416,5.67812754e-04,7.87266316,5.91772279,3,3.0
2.64126179e+10,7.85462689e-01,-2.49997023e-08,3.33770522,3.41972771,2.35207433,-1.36205415,4.03299050e-04,7.49804759,5.31643012,3,3.0000290715021247
2.64126180e+10,7.85461290e-01,-1.11673780e-08,3.14856008,3.45359386,2.18976947,-1.36205415,9.37244211e-05,7.47295471,5.27644016,3,3.0000298365416542
2.64126182e+10,7.85460219e-01,-4.89825237e-09,2.94804269,3.48336864,2.02996122,-1.36205415,5.65251788e-05,7.46221776,5.25933592,3,3.0000313666207132
2.64126185e+10,7.85459191e-01,-2.11001546e-09,2.73789706,3.50873892,1.87414785,-1.36205414,5.40081547e-05,7.45413306,5.24645148,3,3.000033661739302
2.64126193e+10,7.85458152e-01,-9.04132741e-10,2.52390850,3.53204112,1.72054916,-1.36205414,6.19612205e-05,7.44976376,5.23949685,3,3.0000397820555387
2.64126212e+10,7.85457071e-01,-3.87832156e-10,2.30866850,3.55463132,1.56774877,-1.36205414,7.40282284e-05,7.44982128,5.23959562,3,3.000054317806601
2.64126257e+10,7.85455957e-01,-1.66366138e-10,2.09301471,3.57695218,1.41528015,-1.36205414,8.76278633e-05,7.45209065,5.24322953,3,3.0000887445854327
2.64126358e+10,7.85454888e-01,-7.13906315e-11,1.87677355,3.59893646,1.26319101,-1.36205414,1.01128033e-04,7.45698702,5.25106780,3,3.0001660135779216
2.64126510e+10,7.85454162e-01,-3.07137763e-11,1.65938346,3.62019325,1.11198239,-1.36205414,1.04387354e-04,7.46428347,5.26274860,3,3.0002822995864196
2.64126639e+10,7.85453898e-01,-1.31240571e-11,1.43633317,3.63720154,9.66440660e-01,-1.36205414,9.52735197e-05,7.47091907,5.27336389,3,3.000380989685737
2.64126743e+10,7.85453757e-01,-2.10648174e-11,1.56730426,3.62273545,1.06085838,-1.36205414,9.03352205e-05,7.47668144,5.28258039,3,3.0004605537968145
2.64126796e+10,7.85453580e-01,-4.92409499e-11,1.78785229,3.60356048,1.20948233,-1.36205414,9.23375640e-05,7.47969851,5.28740612,3,3.000501100891883
2.64126859e+10,7.85453056e-01,-1.15415652e-10,2.00684298,3.58330171,1.35949522,-1.36205414,8.51185180e-05,7.48340704,5.29333808,3,3.0005492983822473
2.64127905e+10,7.85433572e-01,-1.57362558e-10,2.08076821,3.57699825,1.40906476,-1.36205414,8.49502897e-05,7.51693127,5.34707626,3,3.0013495297302013
2.64128058e+10,7.85431834e-01,-7.94275580e-11,1.90222490,3.59504535,1.28369890,-1.36205414,9.73788749e-05,7.41431671,5.18364616,3,3.001466580778229
2.64128409e+10,7.85430037e-01,-3.42281985e-11,1.68427183,3.61589109,1.13303088,-1.36205414,1.01920198e-04,7.42714397,5.20422219,3,3.001735109653116
2.64128882e+10,7.85428458e-01,-5.08948528e-11,1.79662395,3.60412957,1.21272998,-1.36205414,9.50218100e-05,7.44620929,5.23477253,3,3.002096973350613
2.64130039e+10,7.85418386e-01,-8.85508595e-11,1.93393222,3.59185846,1.30592635,-1.36205414,9.41866046e-05,7.39234278,5.14943374,3,3.0029821240863517
2.64130470e+10,7.85415859e-01,-3.94594839e-11,1.72445153,3.61314344,1.15861604,-1.36205414,1.02744381e-04,7.36765436,5.11034715,3,3.003311856123606
2.64131547e+10,7.85412921e-01,-3.04550853e-11,1.66506501,3.61754250,1.12012466,-1.36205414,9.72895798e-05,7.40134180,5.16446666,3,3.004135803696977
2.64132998e+10,7.85406219e-01,-4.71816824e-11,1.77133735,3.60879402,1.19075779,-1.36205414,1.02419332e-04,7.30324317,5.00899674,3,3.0052458760544156
2.64134251e+10,7.85402632e-01,-2.03174466e-11,1.55475801,3.63011264,1.03983088,-1.36205414,1.02298615e-04,7.33159167,5.05470559,3,3.0062044705849953
2.64136706e+10,7.85396394e-01,-3.09639156e-11,1.66491391,3.62030405,1.11452601,-1.36205414,1.04295347e-04,7.24316005,4.91519726,3,3.0080826426301446
2.64139998e+10,7.85389461e-01,-2.44182692e-11,1.60966087,3.62488907,1.07772945,-1.36205414,1.00077056e-04,7.30039864,5.00772832,3,3.0106011527615633
2.64141787e+10,7.85384658e-01,-2.03975742e-11,1.55848175,3.63079303,1.04033198,-1.36205414,1.03155306e-04,7.17054039,4.80200179,3,3.011969808480004
2.64147226e+10,7.85372137e-01,-2.14147688e-11,1.57303388,3.62925849,1.05067712,-1.36205414,1.02311298e-04,7.06997792,4.64505752,3,3.016130858481458
2.64147238e+10,7.85372111e-01,-2.14033610e-11,1.57290374,3.62927199,1.05058505,-1.36205414,1.02308663e-04,7.12242956,4.64169021,3,3.016140038955813
2.64147239e+10,7.85372110e-01,-2.14028012e-11,1.57289814,3.62927256,1.05058110,-1.36205414,1.02308189e-04,7.17507061,4.63828915,3,3.0161408039953423
2.64147240e+10,7.85372108e-01,-2.14016251e-11,1.57288699,3.62927371,1.05057322,-1.36205414,1.02306968e-04,7.43733828,4.61102181,3,3.016141569034872
2.64147241e+10,7.85372106e-01,-2.14007620e-11,1.57287747,3.62927469,1.05056651,-1.36205414,1.02306513e-04,7.64357611,4.56713980,3,3.016142334074402
2.64147242e+10,7.85372103e-01,-2.13995011e-11,1.57286169,3.62927634,1.05055532,-1.36205414,1.02306565e-04,7.84002446,4.49094724,3,3.0161430991139313
2.64147243e+10,7.85372102e-01,-2.13990003e-11,1.57285544,3.62927703,1.05055081,-1.36205414,1.02307115e-04,7.88667971,4.46634072,3,3.016143864153461
2.64147245e+10,7.85372097e-01,-2.13969431e-11,1.57282725,3.62927991,1.05053096,-1.36205414,1.02308413e-04,7.97660526,4.41122369,3,3.01614539423252
2.64147250e+10,7.85372085e-01,-2.13928986e-11,1.57276989,3.62928589,1.05049032,-1.36205414,1.02312160e-04,8.01987399,4.38105594,3,3.016149219430168
2.64147271e+10,7.85372041e-01,-2.13773028e-11,1.57254823,3.62930899,1.05033329,-1.36205414,1.02325273e-04,8.06192350,4.34922158,3,3.0161652852602896
2.64148244e+10,7.85370001e-01,-2.06276319e-11,1.56172486,3.63040734,1.04272490,-1.36205414,1.02926854e-04,8.06646887,4.33395462,3,3.0169096687225827
2.64151373e+10,7.85363798e-01,-1.95138167e-11,1.54912009,3.63157825,1.03408070,-1.36205414,1.01990602e-04,8.06404276,4.34737507,3,3.019303477410678
2.64164271e+10,7.85337959e-01,-2.04017395e-11,1.56267995,3.63018870,1.04363974,-1.36205409,1.01208403e-04,8.06563125,4.34915500,3,3.0291709572633616
2.64192455e+10,7.85278420e-01,-2.15033438e-11,1.57659777,3.62885688,1.05326229,-1.36205245,1.01257578e-04,8.06695615,4.34743120,3,3.0507328313653965
2.64289490e+10,7.85066588e-01,-2.14134607e-11,1.57286941,3.62996416,1.04918353,-1.36204936,1.03614644e-04,8.07201469,4.33640793,3,3.124968442119404
2.64397074e+10,7.84842662e-01,-2.03609493e-11,1.56102736,3.63200191,1.03918702,-1.36204879,1.04596033e-04,8.07784948,4.32415978,3,3.207274454871083
2.64522180e+10,7.84594493e-01,-1.93958682e-11,1.55017010,3.63404090,1.02968040,-1.36204861,1.05504187e-04,8.08436934,4.30863605,3,3.3029854902602818
2.64632458e+10,7.84384068e-01,-1.88726387e-11,1.54329881,3.63545740,1.02341175,-1.36204855,1.06626664e-04,8.08968626,4.29423032,3,3.3873525195046827
2.64789908e+10,7.84095227e-01,-1.79852152e-11,1.53236534,3.63749657,1.01386668,-1.36204852,1.07478435e-04,8.10165336,4.28970297,3,3.507807993439021
2.64989518e+10,7.83739048e-01,-1.78509530e-11,1.53149966,3.63834441,1.01173817,-1.36204850,1.08323325e-04,8.11792912,4.28815313,3,3.660517533940979
2.65107466e+10,7.83525077e-01,-1.85228652e-11,1.54250399,3.63743725,1.01905465,-1.36204849,1.08250335e-04,8.13350624,4.30822402,3,3.7507524163773542
2.65150040e+10,7.83446663e-01,-1.82857555e-11,1.54138970,3.63768790,1.01799619,-1.36204849,1.07542462e-04,8.13224239,4.29355867,3,3.783323209310225
2.65190439e+10,7.83370811e-01,-1.90720631e-11,1.55354677,3.63645518,1.02654018,-1.36204849,1.07192639e-04,8.14248083,4.31643908,3,3.8142300412662324
2.65222275e+10,7.83308056e-01,-2.00588000e-11,1.56609542,3.63520276,1.03531935,-1.36204848,1.07594130e-04,8.15130876,4.33696909,3,3.8385858397303387
2.65250229e+10,7.83250315e-01,-2.07957777e-11,1.57447421,3.63437379,1.04116667,-1.36204848,1.08131390e-04,8.15715907,4.34799453,3,3.8599717547405676
2.65267620e+10,7.83213230e-01,-2.16532750e-11,1.58714295,3.63306256,1.05012351,-1.36204848,1.07270583e-04,8.16425058,4.36751204,3,3.8732765571997105
2.65290293e+10,7.83162015e-01,-2.29008173e-11,1.59524652,3.63226124,1.05577793,-1.36204847,1.10078234e-04,8.16876511,4.37612406,3,3.890622298454161
2.65305180e+10,7.83128076e-01,-2.27601964e-11,1.59968857,3.63182454,1.05887235,-1.36204847,1.07577260e-04,8.17153671,4.38177704,3,3.9020114419312044
2.65316309e+10,7.83101834e-01,-2.40241564e-11,1.61258076,3.63049213,1.06798328,-1.36204847,1.08073272e-04,8.17750304,4.39948354,3,3.9105255668560392
2.65327560e+10,7.83073768e-01,-2.53722452e-11,1.62026691,3.62974189,1.07332682,-1.36204846,1.10897442e-04,8.18075870,4.40650546,3,3.9191330266034847
2.65341228e+10,7.83038680e-01,-2.61710297e-11,1.63313352,3.62842493,1.08239405,-1.36204846,1.08868538e-04,8.18671311,4.42415945,3,3.9295895868939548
2.65343882e+10,7.83031644e-01,-2.64148681e-11,1.62181964,3.62963896,1.07430906,-1.36204846,1.15024682e-04,8.18123198,4.40322970,3,3.931620001805493
2.65346161e+10,7.83025648e-01,-2.63965461e-11,1.60944337,3.63096095,1.06547694,-1.36204846,1.20458849e-04,8.17537932,4.38132119,3,3.9333635268934346
2.65353361e+10,7.83008578e-01,-2.33516406e-11,1.60335852,3.63158063,1.06119515,-1.36204846,1.09085640e-04,8.17391160,4.37853993,3,3.9388718115065005
2.65362082e+10,7.82987650e-01,-2.44132650e-11,1.61624742,3.63026359,1.07027368,-1.36204846,1.08561533e-04,8.17963401,4.39659673,3,3.9455437212440767
2.65369980e+10,7.82967718e-01,-2.56824184e-11,1.62919528,3.62892608,1.07942263,-1.36204846,1.08648169e-04,8.18516701,4.41387602,3,3.9515860034487984
2.65376908e+10,7.82949322e-01,-2.70187321e-11,1.64221391,3.62759088,1.08860235,-1.36204845,1.08710717e-04,8.19045222,4.43058862,3,3.956886197309815
2.65383000e+10,7.82932299e-01,-2.84302207e-11,1.65528173,3.62624323,1.09783156,-1.36204845,1.08745178e-04,8.19546981,4.44669879,3,3.9615468181240923
2.65388290e+10,7.82916742e-01,-2.99188784e-11,1.66842464,3.62491059,1.10706829,-1.36204845,1.08791495e-04,8.20026040,4.46235665,3,3.9655938772356367
2.65393030e+10,7.82902059e-01,-3.15206254e-11,1.68159692,3.62355232,1.11637097,-1.36204845,1.08891795e-04,8.20481794,4.47732397,3,3.9692201646059053
2.65397134e+10,7.82888685e-01,-3.31648106e-11,1.69475717,3.62217374,1.12570826,-1.36204844,1.08797886e-04,8.20920253,4.49209811,3,3.9723598868353527
2.65400714e+10,7.82876389e-01,-3.49713085e-11,1.70796853,3.62078966,1.13508211,-1.36204844,1.08903268e-04,8.21337702,4.50620890,3,3.975098728351294
2.65404630e+10,7.82862191e-01,-3.67993746e-11,1.71354432,3.62028175,1.13888581,-1.36204843,1.12302372e-04,8.21422898,4.50472752,3,3.978094623149178
2.65405683e+10,7.82858307e-01,-3.68962569e-11,1.70138482,3.62160348,1.13016261,-1.36204843,1.18208474e-04,8.20911595,4.48108453,3,3.978900209773839
2.65406869e+10,7.82854191e-01,-3.49075138e-11,1.68810795,3.62297032,1.12079049,-1.36204843,1.17727330e-04,8.20555981,4.46765703,3,3.9798075466559357
2.65410321e+10,7.82843081e-01,-3.17183932e-11,1.68124646,3.62366951,1.11596137,-1.36204843,1.09887663e-04,8.20612584,4.47520649,3,3.982448463112089
2.65413594e+10,7.82832437e-01,-3.30952696e-11,1.69436423,3.62231753,1.12522420,-1.36204843,1.08941358e-04,8.21047683,4.49085692,3,3.984952437492445
2.65416496e+10,7.82822486e-01,-3.48868134e-11,1.70752798,3.62092084,1.13459945,-1.36204843,1.08997096e-04,8.21463991,4.50528450,3,3.9871725822073225
2.65419042e+10,7.82813290e-01,-3.67306300e-11,1.72076520,3.61956555,1.14392866,-1.36204843,1.08963898e-04,8.21870096,4.51972122,3,3.989120372849665
2.65421227e+10,7.82804984e-01,-3.86825759e-11,1.73402164,3.61821165,1.15326467,-1.36204843,1.08937232e-04,8.22263683,4.53399315,3,3.9907919842218247
2.65423093e+10,7.82797512e-01,-4.07383298e-11,1.74723182,3.61681721,1.16265864,-1.36204843,1.08812945e-04,8.22644261,4.54805702,3,3.9922195479840443
2.65424691e+10,7.82790774e-01,-4.29121548e-11,1.76048598,3.61544247,1.17203521,-1.36204842,1.08714132e-04,8.23014583,4.56202041,3,3.9934420811523332
2.65426055e+10,7.82784707e-01,-4.51996787e-11,1.77375340,3.61407301,1.18140782,-1.36204842,1.08577368e-04,8.23375860,4.57595786,3,3.9944855950706972
2.65427221e+10,7.82779250e-01,-4.76098027e-11,1.78698511,3.61268062,1.19080846,-1.36204842,1.08370389e-04,8.23728090,4.58988222,3,3.995377631162202
2.65428219e+10,7.82774330e-01,-5.01567672e-11,1.80022729,3.61129617,1.20019845,-1.36204841,1.08161655e-04,8.24072536,4.60386592,3,3.9961411406127354
2.65429071e+10,7.82769899e-01,-5.28421988e-11,1.81347465,3.60992115,1.20957218,-1.36204841,1.07928025e-04,8.24409715,4.61799072,3,3.9967929542919483
2.65429803e+10,7.82765897e-01,-5.56641287e-11,1.82667374,3.60852422,1.21896558,-1.36204840,1.07604780e-04,8.24739002,4.63226439,3,3.99735296322761
2.65430433e+10,7.82762266e-01,-5.86478324e-11,1.83990064,3.60715527,1.22831694,-1.36204840,1.07315892e-04,8.25060913,4.64677735,3,3.9978349381312532
2.65430974e+10,7.82758977e-01,-6.17774980e-11,1.85308729,3.60577863,1.23766354,-1.36204839,1.06939788e-04,8.25374069,4.66161545,3,3.9982488245167627
2.65431442e+10,7.82755982e-01,-6.50719482e-11,1.86622783,3.60439285,1.24700537,-1.36204839,1.06503785e-04,8.25676836,4.67681037,3,3.998606863016612
2.65431849e+10,7.82753240e-01,-6.85349963e-11,1.87934698,3.60301657,1.25631750,-1.36204838,1.06035673e-04,8.25967317,4.69242964,3,3.9989182341051563
2.65432204e+10,7.82750721e-01,-7.21759430e-11,1.89245817,3.60166345,1.26557935,-1.36204838,1.05556767e-04,8.26241811,4.70855538,3,3.9991898231381615
2.65432516e+10,7.82748392e-01,-7.59908745e-11,1.90549105,3.60029207,1.27483854,-1.36204837,1.04969184e-04,8.26494584,4.72519231,3,3.9994285154713944
2.65432792e+10,7.82746220e-01,-7.99934153e-11,1.91851127,3.59894488,1.28404303,-1.36204837,1.04372754e-04,8.26718014,4.74238046,3,3.999639666381562
2.65433039e+10,7.82744175e-01,-8.41939053e-11,1.93149911,3.59761565,1.29319540,-1.36204836,1.03762375e-04,8.26897863,4.76018968,3,3.9998286311453715
2.65433263e+10,7.82742228e-01,-8.85827746e-11,1.94438126,3.59627730,1.30231318,-1.36204836,1.03067400e-04,8.26997066,4.77886669,4,4.0
2.65433485e+10,7.82740183e-01,-9.41557129e-11,1.95834072,3.59479491,1.31225769,-1.36204835,1.02790501e-04,8.26915370,4.80042660,4,4.001242799321499
2.65433694e+10,7.82738140e-01,-1.00168076e-10,1.97229200,3.59334479,1.32213358,-1.36204834,1.02642036e-04,8.26664642,4.82238658,4,4.002412822106153
2.65433898e+10,7.82736039e-01,-1.05017968e-10,1.98640905,3.59187050,1.33214067,-1.36204834,1.00863577e-04,8.26513175,4.84272883,4,4.003554853915098
2.65434099e+10,7.82733859e-01,-1.10665317e-10,2.00069054,3.59039527,1.34223187,-1.36204833,9.95482011e-05,8.26455503,4.86163408,4,4.004680091138617
2.65434297e+10,7.82731583e-01,-1.17032304e-10,2.01505842,3.58890580,1.35239475,-1.36204831,9.85138968e-05,8.26452114,4.87947809,4,4.005788533776711
2.65434494e+10,7.82729197e-01,-1.23850550e-10,2.02947936,3.58739441,1.36262801,-1.36204830,9.74540161e-05,8.26484901,4.89639142,4,4.006891378219662
2.65434688e+10,7.82726692e-01,-1.31118988e-10,2.04396366,3.58587953,1.37289992,-1.36204829,9.63972651e-05,8.26540820,4.91253828,4,4.007977428077188
2.65434883e+10,7.82724044e-01,-1.38817954e-10,2.05850872,3.58437231,1.38318690,-1.36204828,9.53402850e-05,8.26615003,4.92813670,4,4.0090690761298555
2.65435078e+10,7.82721240e-01,-1.46987250e-10,2.07306695,3.58284114,1.39352834,-1.36204826,9.42260233e-05,8.26693895,4.94309526,4,4.010160724182524
2.65435274e+10,7.82718240e-01,-1.55682335e-10,2.08767143,3.58132102,1.40387083,-1.36204825,9.31547997e-05,8.26779781,4.95769098,4,4.011257970430333
2.65435475e+10,7.82714996e-01,-1.64890984e-10,2.10231292,3.57980256,1.41422850,-1.36204823,9.20798638e-05,8.26860572,4.97187712,4,4.012383207653852
2.65435680e+10,7.82711473e-01,-1.74689412e-10,2.11697369,3.57827928,1.42460544,-1.36204822,9.10196431e-05,8.26932959,4.98570476,4,4.013530837657939
2.65435895e+10,7.82707570e-01,-1.85090573e-10,2.13163913,3.57674982,1.43499708,-1.36204820,8.99646791e-05,8.26991870,4.99934092,4,4.014734449613445
2.65436126e+10,7.82703138e-01,-1.96138131e-10,2.14632981,3.57523854,1.44536499,-1.36204818,8.89773201e-05,8.27030523,5.01303233,4,4.0160276326912205
2.65436386e+10,7.82697833e-01,-2.07884865e-10,2.16096562,3.57370104,1.45575788,-1.36204817,8.79641828e-05,8.27019779,5.02689252,4,4.0174831634281105
2.65436714e+10,7.82690741e-01,-2.20554355e-10,2.17556513,3.57219536,1.46606901,-1.36204815,8.71409384e-05,8.26907806,5.04183008,4,4.01931937143465
2.65437524e+10,7.82672122e-01,-2.31947639e-10,2.18102499,3.57164811,1.46989343,-1.36204813,8.93617991e-05,8.25968930,5.06319653,4,4.023853909499578
2.65437967e+10,7.82662120e-01,-2.22300683e-10,2.16614282,3.57321024,1.45932808,-1.36204813,9.19083941e-05,8.25233872,5.06866666,4,4.026333909947433
2.65438310e+10,7.82654840e-01,-2.07974161e-10,2.15121233,3.57480863,1.44866606,-1.36204813,9.23808875e-05,8.24728529,5.07304241,4,4.0282540908810995
2.65438662e+10,7.82647822e-01,-1.95279805e-10,2.13620458,3.57635619,1.43806707,-1.36204813,9.30906008e-05,8.24324287,5.07866091,4,4.030224655571044
2.65439110e+10,7.82639421e-01,-1.83637144e-10,2.12131132,3.57790360,1.42752562,-1.36204813,9.39294316e-05,8.23958803,5.08731879,4,4.032732646994609
2.65439920e+10,7.82625143e-01,-1.73011597e-10,2.10692508,3.57945510,1.41722950,-1.36204813,9.48682057e-05,8.23421531,5.10264027,4,4.0372671850595365
2.65440932e+10,7.82608187e-01,-1.64355987e-10,2.09243233,3.58096464,1.40696403,-1.36204813,9.65154397e-05,8.22663803,5.11677536,4,4.042932558543126
2.65441946e+10,7.82592172e-01,-1.54883451e-10,2.07785346,3.58252815,1.39654759,-1.36204813,9.75507924e-05,8.21977927,5.12897689,4,4.048609128416999
2.65443280e+10,7.82572279e-01,-1.46132868e-10,2.06340744,3.58404477,1.38629134,-1.36204813,9.85546331e-05,8.21210596,5.14361442,4,4.0560771207362745
2.65444938e+10,7.82548912e-01,-1.38184750e-10,2.04903901,3.58554906,1.37609855,-1.36204813,9.97223059e-05,8.20364646,5.15903635,4,4.065358928281522
2.65446934e+10,7.82522343e-01,-1.30631993e-10,2.03475024,3.58707283,1.36590661,-1.36204813,1.00886086e-04,8.19472996,5.17467951,4,4.076532925784727
2.65449393e+10,7.82491368e-01,-1.23462198e-10,2.02040827,3.58852284,1.35583560,-1.36204813,1.01826333e-04,8.18503410,5.19069893,4,4.0902988876386255
2.65452879e+10,7.82449957e-01,-1.16600040e-10,2.00652476,3.59002599,1.34588755,-1.36204813,1.02716740e-04,8.17321447,5.20895498,4,4.10981419590324
2.65462071e+10,7.82346605e-01,-1.11196557e-10,1.99812998,3.59085756,1.34002701,-1.36204813,1.01715036e-04,8.15044872,5.24354583,4,4.161272805647459
2.65473408e+10,7.82218595e-01,-1.14813425e-10,2.00991139,3.58967376,1.34828533,-1.36204813,9.95589537e-05,8.13480265,5.27463995,4,4.224739543971023
2.65482293e+10,7.82113078e-01,-1.21060105e-10,2.02387641,3.58826499,1.35808538,-1.36204813,9.84961524e-05,8.12890011,5.29629000,4,4.274479507806683
2.65490340e+10,7.82012038e-01,-1.28109462e-10,2.03810121,3.58678698,1.36815380,-1.36204813,9.75452407e-05,8.12662178,5.31554017,4,4.319528184113442
2.65497756e+10,7.81913431e-01,-1.35580954e-10,2.05245551,3.58530848,1.37828794,-1.36204813,9.65564733e-05,8.12596868,5.33368043,4,4.36104439928567
2.65504550e+10,7.81817876e-01,-1.43540026e-10,2.06683731,3.58379454,1.38850672,-1.36204813,9.54979466e-05,8.12593298,5.35096471,4,4.399078537079646
2.65510792e+10,7.81724967e-01,-1.52010965e-10,2.08131189,3.58230261,1.39872789,-1.36204813,9.45026412e-05,8.12608241,5.36762813,4,4.434022471155299
2.65516493e+10,7.81635039e-01,-1.60964288e-10,2.09579581,3.58078087,1.40901332,-1.36204813,9.34132105e-05,8.12623526,5.38366322,4,4.465937781659193
2.65521744e+10,7.81547422e-01,-1.70490236e-10,2.11034569,3.57926913,1.41931173,-1.36204813,9.23689576e-05,8.12628415,5.39913319,4,4.495333904349238
2.65526636e+10,7.81460860e-01,-1.80613474e-10,2.12489573,3.57773583,1.42965336,-1.36204813,9.12904010e-05,8.12618109,5.41416065,4,4.522720274983345
2.65531168e+10,7.81375962e-01,-1.91379425e-10,2.13948560,3.57620874,1.44000248,-1.36204813,9.02533900e-05,8.12610112,5.42883089,4,4.548091295366374
2.65535354e+10,7.81292906e-01,-2.02761060e-10,2.15408955,3.57467065,1.45038062,-1.36204813,8.91927455e-05,8.12606238,5.44309432,4,4.57152534023031
2.65539277e+10,7.81210376e-01,-2.14853506e-10,2.16876273,3.57315262,1.46075329,-1.36204813,8.81971719e-05,8.12591313,5.45688442,4,4.593487059771929
2.65542990e+10,7.81127623e-01,-2.27579772e-10,2.18340556,3.57160372,1.47117250,-1.36204813,8.71166406e-05,8.12576612,5.47039388,4,4.614273158333753
2.65546428e+10,7.81046511e-01,-2.41103333e-10,2.19808255,3.57007088,1.48157666,-1.36204813,8.61022567e-05,8.12582456,5.48381545,4,4.633519753231559
2.65549600e+10,7.80967164e-01,-2.55532658e-10,2.21272041,3.56850675,1.49202385,-1.36204813,8.50690587e-05,8.12582255,5.49704850,4,4.6512772282216215
2.65552605e+10,7.80887501e-01,-2.70768000e-10,2.22738051,3.56695113,1.50246515,-1.36204812,8.40457963e-05,8.12559152,5.51015380,4,4.668099804622989
2.65555446e+10,7.80807711e-01,-2.86939348e-10,2.24205651,3.56540099,1.51290343,-1.36204810,8.30534713e-05,8.12514630,5.52314215,4,4.684004277021089
2.65558151e+10,7.80727237e-01,-3.04005656e-10,2.25675904,3.56386400,1.52332868,-1.36204808,8.20786960e-05,8.12450767,5.53608536,4,4.6991473948798905
2.65560697e+10,7.80646931e-01,-3.22146671e-10,2.27140718,3.56228941,1.53380193,-1.36204806,8.10513596e-05,8.12374715,5.54888263,4,4.713400399711134
2.65563137e+10,7.80565386e-01,-3.41354410e-10,2.28609236,3.56073688,1.54424957,-1.36204804,8.00731660e-05,8.12284246,5.56169688,4,4.727059995857336
2.65565440e+10,7.80483870e-01,-3.61657858e-10,2.30078377,3.55918494,1.55469915,-1.36204802,7.90944004e-05,8.12186646,5.57440610,4,4.7399526392691
2.65567613e+10,7.80402313e-01,-3.83373643e-10,2.31547093,3.55762790,1.56515681,-1.36204799,7.81526628e-05,8.12083721,5.58704480,4,4.752117517312419
2.65569698e+10,7.80319374e-01,-4.06258187e-10,2.33014322,3.55606851,1.57561175,-1.36204797,7.71881309e-05,8.11971189,5.59983469,4,4.763789754183251
2.65571716e+10,7.80234349e-01,-4.30452932e-10,2.34482006,3.55451082,1.58606554,-1.36204795,7.62248900e-05,8.11834352,5.61259731,4,4.775086911979578
2.65573671e+10,7.80147077e-01,-4.56071670e-10,2.35950587,3.55296239,1.59650530,-1.36204792,7.52824612e-05,8.11681268,5.62543850,4,4.786031383481966
2.65575566e+10,7.80057379e-01,-4.83335169e-10,2.37418194,3.55141186,1.60694441,-1.36204789,7.43597228e-05,8.11512046,5.63834163,4,4.79663996327584
2.65577399e+10,7.79965460e-01,-5.12082172e-10,2.38884017,3.54985346,1.61739033,-1.36204786,7.34092176e-05,8.11327988,5.65128908,4,4.806901454970918
2.65579175e+10,7.79871104e-01,-5.42575635e-10,2.40350470,3.54830267,1.62782417,-1.36204782,7.24848906e-05,8.11129293,5.66431190,4,4.816843849542908
2.65580895e+10,7.79774267e-01,-5.74875484e-10,2.41817817,3.54676100,1.63824424,-1.36204778,7.15825056e-05,8.10916584,5.67740120,4,4.826472745186952
2.65582548e+10,7.79675677e-01,-6.09129130e-10,2.43280179,3.54518934,1.64869936,-1.36204773,7.06469463e-05,8.10692822,5.69045070,4,4.8357265617564895
2.65584135e+10,7.79575362e-01,-6.45369899e-10,2.44745834,3.54363532,1.65913569,-1.36204767,6.97474569e-05,8.10459102,5.70344640,4,4.844610897446663
2.65585655e+10,7.79473592e-01,-6.83715015e-10,2.46211731,3.54207904,1.66957773,-1.36204759,6.88550254e-05,8.10216760,5.71633964,4,4.8531201540623305
2.65587098e+10,7.79371240e-01,-7.24488809e-10,2.47675612,3.54050258,1.68005005,-1.36204750,6.79600964e-05,8.09969280,5.72901220,4,4.8611983496520725
2.65588462e+10,7.79268728e-01,-7.67673870e-10,2.49142946,3.53893496,1.69052197,-1.36204739,6.70924966e-05,8.09718774,5.74139535,4,4.868834287825605
2.65589743e+10,7.79166648e-01,-8.13467921e-10,2.50616809,3.53739146,1.70097828,-1.36204724,6.62831366e-05,8.09467714,5.75341067,4,4.8760055758023615
2.65590932e+10,7.79066319e-01,-8.61997249e-10,2.52086802,3.53580474,1.71150167,-1.36204706,6.54206341e-05,8.09220465,5.76489369,4,4.8826618298260644
2.65592040e+10,7.78967133e-01,-9.13719075e-10,2.53563048,3.53423745,1.72201750,-1.36204683,6.46267872e-05,8.08976678,5.77591077,4,4.888864630043274
2.65593075e+10,7.78868950e-01,-9.68691934e-10,2.55037353,3.53264339,1.73257713,-1.36204654,6.38218808e-05,8.08736592,5.78647182,4,4.894658762015126
2.65594056e+10,7.78770299e-01,-1.02707426e-09,2.56512616,3.53104491,1.74315042,-1.36204620,6.30354027e-05,8.08497386,5.79672476,4,4.900150591449317
2.65594997e+10,7.78669953e-01,-1.08891054e-09,2.57993690,3.52947403,1.75369753,-1.36204578,6.23082811e-05,8.08256105,5.80679026,4,4.905418493077832
2.65595903e+10,7.78567483e-01,-1.15463201e-09,2.59473148,3.52788857,1.76426576,-1.36204522,6.15875457e-05,8.08012224,5.81668426,4,4.910490457876381
2.65596765e+10,7.78464241e-01,-1.22408868e-09,2.60951097,3.52628507,1.77486250,-1.36204465,6.08556650e-05,8.07769654,5.82628730,4,4.915316102088687
2.65597573e+10,7.78361349e-01,-1.30004403e-09,2.62430856,3.52468025,1.78547094,-1.36204388,6.02497608e-05,8.07532558,5.83548800,4,4.919839443763331
2.65598332e+10,7.78258989e-01,-1.38002914e-09,2.63913574,3.52308148,1.79608206,-1.36204297,5.96463118e-05,8.07301931,5.84428053,4,4.924088473876022
2.65599045e+10,7.78156879e-01,-1.46492417e-09,2.65399090,3.52148826,1.80669608,-1.36204192,5.90758787e-05,8.07076776,5.85268459,4,4.928079987012187
2.65599714e+10,7.78055280e-01,-1.55471359e-09,2.66881415,3.51986478,1.81735466,-1.36204072,5.84854356e-05,8.06857914,5.86067985,4,4.931825179562109
2.65600347e+10,7.77953235e-01,-1.65035336e-09,2.68365026,3.51824071,1.82802086,-1.36203931,5.79435387e-05,8.06643561,5.86834911,4,4.935368837086923
2.65600948e+10,7.77850558e-01,-1.75136120e-09,2.69846390,3.51659651,1.83871607,-1.36203778,5.74004925e-05,8.06433628,5.87570881,4,4.938733352367197
2.65601522e+10,7.77746317e-01,-1.85933332e-09,2.71331630,3.51496944,1.84939642,-1.36203610,5.69441983e-05,8.06226378,5.88282502,4,4.94194671637864
2.65602072e+10,7.77640527e-01,-1.97323732e-09,2.72815317,3.51332935,1.86009505,-1.36203423,5.64987573e-05,8.06022240,5.88969794,4,4.945025723706677
2.65602601e+10,7.77532535e-01,-2.09455922e-09,2.74296815,3.51167190,1.87081742,-1.36203212,5.60973881e-05,8.05820001,5.89636443,4,4.947987168936735
2.65603109e+10,7.77422319e-01,-2.22263375e-09,2.75772342,3.50997623,1.88158639,-1.36202987,5.56951721e-05,8.05620037,5.90282794,4,4.950831052068813
2.65603605e+10,7.77308341e-01,-2.35916832e-09,2.77256461,3.50832661,1.89230624,-1.36202753,5.54073044e-05,8.05419807,5.90916559,4,4.9536077568591885
2.65604085e+10,7.77191068e-01,-2.50383556e-09,2.78733323,3.50663397,1.90307583,-1.36202523,5.51327561e-05,8.05220579,5.91534669,4,4.956294890527294
2.65604554e+10,7.77069719e-01,-2.65539919e-09,2.80210616,3.50494120,1.91384782,-1.36202292,5.48785377e-05,8.05021297,5.92140453,4,4.958920444048839
2.65605013e+10,7.76943580e-01,-2.82062358e-09,2.81685309,3.50323135,1.92464101,-1.36202053,5.47608526e-05,8.04820965,5.92736029,4,4.961490015618964
2.65605468e+10,7.76811161e-01,-2.99273976e-09,2.83157525,3.50151031,1.93544416,-1.36201829,5.46392980e-05,8.04618220,5.93327521,4,4.964037194408522
2.65605884e+10,7.76682786e-01,-3.15123376e-09,2.84628528,3.49977265,1.94627448,-1.36201645,5.41583124e-05,8.04427505,5.93870127,4,4.966366043587548
2.65606313e+10,7.76542359e-01,-3.34600237e-09,2.86103520,3.49805847,1.95707782,-1.36201428,5.42175408e-05,8.04225350,5.94428627,4,4.968767669303417
2.65606754e+10,7.76389649e-01,-3.55328415e-09,2.87570188,3.49630297,1.96792216,-1.36201258,5.43360867e-05,8.04013996,5.95002046,4,4.971236473360989
2.65607194e+10,7.76226115e-01,-3.88709215e-09,2.89038323,3.49455561,1.97875754,-1.36201136,5.61852339e-05,8.03798216,5.95576873,4,4.973699679223419
2.65607632e+10,7.76039826e-01,-4.52631700e-09,2.90500561,3.49277792,1.98962412,-1.36201058,6.19245381e-05,8.03579850,5.96148845,4,4.976151688695564
2.65608073e+10,7.75821627e-01,-5.27423421e-09,2.91958363,3.49097814,2.00051270,-1.36201014,6.84085889e-05,8.03355785,5.96724195,4,4.978620492753136
2.65608520e+10,7.75563919e-01,-6.14341822e-09,2.93415541,3.48917736,2.01140014,-1.36201002,7.56875501e-05,8.03123627,5.97306782,4,4.981122885981559
2.65608982e+10,7.75254633e-01,-7.15510413e-09,2.94869524,3.48736467,2.02229543,-1.36201001,8.38924584e-05,8.02878543,5.97904788,4,4.983709252137111
2.65609456e+10,7.74884597e-01,-8.32664502e-09,2.96314598,3.48551072,2.03322870,-1.36201001,9.30825451e-05,8.02620696,5.98516073,4,4.986362796634365
2.65609954e+10,7.74433397e-01,-9.69074908e-09,2.97755635,3.48364394,2.04416745,-1.36201001,1.03491670e-04,8.02343642,5.99151196,4,4.989150697815024
2.65610455e+10,7.73906720e-01,-1.12661666e-08,2.99190022,3.48174401,2.05513925,-1.36201001,1.15167054e-04,8.02060567,5.99785716,4,4.99195539358111
2.65610945e+10,7.73307233e-01,-1.30948361e-08,3.00621161,3.47982742,2.06612811,-1.36201001,1.28395874e-04,8.01780220,6.00406645,4,4.994698509200633
2.65611420e+10,7.72632082e-01,-1.52159379e-08,3.02044348,3.47787037,2.07715814,-1.36201001,1.43415915e-04,8.01506606,6.01009692,4,4.997357651893029
2.65611892e+10,7.71853405e-01,-1.76814995e-08,3.03463552,3.47589554,2.08820384,-1.36201001,1.60554564e-04,8.01233599,6.01607508,5,5.0
2.65612154e+10,7.71366994e-01,-1.92280399e-08,3.04252505,3.47479824,2.09434319,-1.36201001,1.71173278e-04,8.01080944,6.01939698,5,5.023966337358215
2.65612419e+10,7.70832510e-01,-2.09165986e-08,3.05042331,3.47370735,2.10047410,-1.36201001,1.82668549e-04,8.00925955,6.02274939,5,5.048207098426637
2.65612686e+10,7.70247431e-01,-2.27383187e-08,3.05827596,3.47259523,2.10662466,-1.36201001,1.94971038e-04,8.00769154,6.02611758,5,5.072630808635199
2.65612952e+10,7.69612789e-01,-2.47262688e-08,3.06605944,3.47145383,2.11279920,-1.36201001,2.08377245e-04,8.00612209,6.02947221,5,5.096963044273692
2.65613226e+10,7.68905156e-01,-2.68853083e-08,3.07386466,3.47032219,2.11896511,-1.36201001,2.22850643e-04,8.00450398,6.03290364,5,5.12202707647274
2.65613493e+10,7.68151960e-01,-2.92513430e-08,3.08167843,3.46919326,2.12512985,-1.36201001,2.38689118e-04,8.00292145,6.03626751,5,5.146450786681303
2.65613767e+10,7.67312899e-01,-3.18107901e-08,3.08940627,3.46802937,2.13132154,-1.36201001,2.55854009e-04,8.00129204,6.03969967,5,5.171514818880351
2.65614041e+10,7.66401985e-01,-3.45933555e-08,3.09712114,3.46686003,2.13751767,-1.36201001,2.74473404e-04,7.99966157,6.04312338,5,5.1965788510793995
2.65614315e+10,7.65409518e-01,-3.76227567e-08,3.10479301,3.46567406,2.14372553,-1.36201001,2.94720154e-04,7.99802654,6.04654994,5,5.221642883278449
2.65614594e+10,7.64311394e-01,-4.09302067e-08,3.11242471,3.46447893,2.14993165,-1.36201001,3.16757758e-04,7.99635813,6.05002567,5,5.247164288327845
2.65614871e+10,7.63123034e-01,-4.45438744e-08,3.12007551,3.46328797,2.15613897,-1.36201001,3.40772269e-04,7.99469993,6.05348542,5,5.272502744237102
2.65615153e+10,7.61808218e-01,-4.84982391e-08,3.12768755,3.46208471,2.16235151,-1.36201001,3.67311976e-04,7.99301371,6.05699565,5,5.298298572996707
2.65615438e+10,7.60359198e-01,-5.28007473e-08,3.13527947,3.46087561,2.16856566,-1.36201001,3.96675748e-04,7.99130328,6.06054405,5,5.324368825466521
2.65615720e+10,7.58800744e-01,-5.74658646e-08,3.14274898,3.45963116,2.17478932,-1.36201001,4.29530285e-04,7.98961633,6.06404714,5,5.350164654226125
2.65616004e+10,7.57091221e-01,-6.26385517e-08,3.15032540,3.45841288,2.18101408,-1.36201001,4.67841360e-04,7.98792171,6.06757927,5,5.376143432125869
2.65616286e+10,7.55244241e-01,-6.81987664e-08,3.15776042,3.45715657,2.18724421,-1.36201001,5.10852697e-04,7.98623754,6.07107930,5,5.401939260885474
2.65616568e+10,7.53236729e-01,-7.43156796e-08,3.16515743,3.45590888,2.19343810,-1.36201001,5.59385906e-04,7.98456308,6.07457021,5,5.427735089645079
2.65616857e+10,7.50986750e-01,-8.10583395e-08,3.17254169,3.45463205,2.19968390,-1.36200966,6.14290877e-04,7.98283794,6.07814754,5,5.45417124039517
2.65617133e+10,7.48641942e-01,-8.83781252e-08,3.17984488,3.45334966,2.20590027,-1.36200942,6.75579917e-04,7.98120235,6.08157855,5,5.479418221734358
2.65617427e+10,7.45917978e-01,-9.65240177e-08,3.18717475,3.45207882,2.21210689,-1.36200918,7.44959874e-04,7.97945283,6.08521307,5,5.506311745334797
2.65617709e+10,7.43076012e-01,-1.05425525e-07,3.19441934,3.45076945,2.21834792,-1.36200896,8.23538458e-04,7.97779549,6.08869964,5,5.532107574094402
2.65618001e+10,7.39843007e-01,-1.15282443e-07,3.20166808,3.44948665,2.22453789,-1.36200874,9.11937629e-04,7.97606850,6.09231918,5,5.5588181485547015
2.65618283e+10,7.36442011e-01,-1.26075579e-07,3.20877918,3.44815423,2.23075828,-1.36200853,1.01294502e-03,7.97442056,6.09580853,5,5.584613977314307
2.65618577e+10,7.32551369e-01,-1.38132879e-07,3.21590161,3.44682481,2.23697834,-1.36200832,1.12828907e-03,7.97269638,6.09944567,5,5.611507500914746
2.65618852e+10,7.28566120e-01,-1.51456329e-07,3.22300421,3.44548061,2.24321804,-1.36200812,1.26007493e-03,7.97110747,6.10287115,5,5.636663007683864
2.65619162e+10,7.23630640e-01,-1.66446317e-07,3.22993985,3.44418315,2.24928078,-1.36200790,1.40998319e-03,7.96929303,6.10669016,5,5.665020124405415
2.65619405e+10,7.19410689e-01,-1.81999140e-07,3.23675058,3.44290356,2.25524532,-1.36200772,1.57216271e-03,7.96792342,6.10974142,5,5.687248444932309
2.65619757e+10,7.12639248e-01,-2.01240244e-07,3.24344751,3.44162355,2.26115381,-1.36200747,1.77184370e-03,7.96586050,6.11403861,5,5.71944749359678
2.65619958e+10,7.08403716e-01,-2.20353793e-07,3.25045619,3.44031784,2.26726957,-1.36200733,1.98330350e-03,7.96476788,6.11664037,5,5.7378338821807535
2.65620267e+10,7.01212175e-01,-2.38174046e-07,3.25437598,3.43951113,2.27084288,-1.36200710,2.16906535e-03,7.96294628,6.12035444,5,5.766099524332236
2.65620474e+10,6.96145836e-01,-2.57092170e-07,3.26022513,3.43847898,2.27583175,-1.36200696,2.38021345e-03,7.96177593,6.12294141,5,5.785034760336626
2.65620563e+10,6.93754498e-01,-2.80717215e-07,3.26765932,3.43725369,2.28199944,-1.36200689,2.65658914e-03,7.96141738,6.12430154,5,5.793175997072813
2.65620679e+10,6.90308519e-01,-3.08658252e-07,3.27477101,3.43594222,2.28817822,-1.36200679,2.99774543e-03,7.96091066,6.12601724,5,5.803787047200878
2.65620811e+10,6.86248181e-01,-2.98779646e-07,3.26896665,3.43694670,2.28326708,-1.36200669,2.83352621e-03,7.95997800,6.12731090,5,5.815861690450054
2.65620858e+10,6.84880165e-01,-2.78730507e-07,3.26148644,3.43820904,2.27700229,-1.36200666,2.57514954e-03,7.95949317,6.12750697,5,5.820160995243322
2.65620899e+10,6.83790287e-01,-2.59165839e-07,3.25406493,3.43949547,2.27071869,-1.36200664,2.33258169e-03,7.95904621,6.12761580,5,5.823911452616173
2.65620983e+10,6.81706435e-01,-2.46762017e-07,3.25033811,3.44022863,2.26738895,-1.36200661,2.18252111e-03,7.95838126,6.12829732,5,5.831595316502012
2.65621023e+10,6.80673159e-01,-2.64165951e-07,3.25777142,3.43892519,2.27371249,-1.36200660,2.39633513e-03,7.95827873,6.12901317,5,5.835254299304793
2.65621052e+10,6.79871158e-01,-2.85734463e-07,3.26525542,3.43764648,2.28001189,-1.36200658,2.66302262e-03,7.95826772,6.12963913,5,5.837907061836809
2.65621079e+10,6.79067496e-01,-3.10563353e-07,3.27278288,3.43638700,2.28629460,-1.36200655,2.96632369e-03,7.95828547,6.13026832,5,5.840376875228687
2.65621104e+10,6.78231102e-01,-3.37157089e-07,3.28016298,3.43507117,2.29261630,-1.36200652,3.31291869e-03,7.95831805,6.13090088,5,5.842663739480424
2.65621130e+10,6.77298001e-01,-3.67096412e-07,3.28764521,3.43380995,2.29887986,-1.36200649,3.70168982e-03,7.95835900,6.13156556,5,5.845042078302232
2.65621158e+10,6.76234230e-01,-3.99566969e-07,3.29514389,3.43253743,2.30517425,-1.36200645,4.12803855e-03,7.95840333,6.13226633,5,5.847603366264178
2.65621187e+10,6.74993034e-01,-4.35800397e-07,3.30262658,3.43127543,2.31143958,-1.36200640,4.62591376e-03,7.95844607,6.13301077,5,5.850256128796195
2.65621221e+10,6.73458627e-01,-4.76491428e-07,3.31014099,3.43000874,2.31773017,-1.36200635,5.19530001e-03,7.95848113,6.13383276,5,5.853366264178558
2.65621262e+10,6.71368430e-01,-5.22434925e-07,3.31773538,3.42881441,2.32391601,-1.36200628,5.83473026e-03,7.95849104,6.13479888,5,5.857116721551408
2.65621326e+10,6.67820789e-01,-5.76909384e-07,3.32496828,3.42762522,2.32991086,-1.36200619,6.60967140e-03,7.95838404,6.13607139,5,5.862971094035858
2.65621399e+10,6.63567586e-01,-5.62285469e-07,3.31944733,3.42865075,2.32509932,-1.36200612,6.24929683e-03,7.95787173,6.13683062,5,5.869648737650933
2.65621419e+10,6.62497761e-01,-5.26340003e-07,3.31221639,3.42999683,2.31879168,-1.36200610,5.66271972e-03,7.95756391,6.13672575,5,5.8714782290523235
2.65621432e+10,6.61871568e-01,-4.90164701e-07,3.30479319,3.43130599,2.31246176,-1.36200609,5.11568928e-03,7.95728385,6.13650276,5,5.872667398463228
2.65621440e+10,6.61469068e-01,-4.55584026e-07,3.29738071,3.43261142,2.30614467,-1.36200609,4.62037775e-03,7.95702105,6.13622342,5,5.873399195023783
2.65621447e+10,6.61190528e-01,-4.22673360e-07,3.28988152,3.43389407,2.29982976,-1.36200609,4.16650734e-03,7.95676226,6.13590146,5,5.87403951701427
2.65621451e+10,6.60992952e-01,-3.91842476e-07,3.28237729,3.43517508,2.29351564,-1.36200609,3.75684417e-03,7.95650526,6.13554825,5,5.874405415294548
2.65621455e+10,6.60852651e-01,-3.63053233e-07,3.27491876,3.43647238,2.28719177,-1.36200609,3.38595640e-03,7.95624676,6.13516637,5,5.8747713135748265
2.65621458e+10,6.60750499e-01,-3.36077101e-07,3.26741967,3.43775517,2.28087664,-1.36200609,3.05318777e-03,7.95597730,6.13474641,5,5.875045737285035
2.65621460e+10,6.60676300e-01,-3.10804387e-07,3.25989995,3.43903026,2.27456660,-1.36200609,2.75372965e-03,7.95568693,6.13427432,5,5.8752286864251735
2.65621462e+10,6.60622981e-01,-2.87386580e-07,3.25243792,3.44032606,2.26824398,-1.36200609,2.48369858e-03,7.95535445,6.13371455,5,5.875411635565313
2.65621464e+10,6.60584084e-01,-2.64900951e-07,3.24493027,3.44160416,2.26193397,-1.36200609,2.23705239e-03,7.95486937,6.13287094,5,5.875594584705452
2.65621465e+10,6.60554593e-01,-2.41554684e-07,3.23815532,3.44276231,2.25623019,-1.36200609,1.99882615e-03,7.95088373,6.12570979,5,5.875686059275521
2.65621466e+10,6.60541258e-01,-1.33398504e-07,3.17902055,3.45274149,2.20670445,-1.36200609,9.72887551e-04,7.94167898,6.10914629,5,5.875777533845591
2.65621467e+10,6.60534283e-01,-2.86626485e-08,3.02467369,3.47669690,2.08162020,-1.36200609,2.43677092e-04,7.94156163,6.10895273,5,5.875869008415661
2.65621468e+10,6.60533104e-01,-4.04485552e-09,2.81484059,3.50381331,1.92247083,-1.36200609,7.38339804e-05,7.94177949,6.10936222,5,5.87596048298573
2.65621469e+10,6.60532871e-01,-2.43051567e-09,2.76500348,3.50845331,1.88827227,-1.36200609,5.43016420e-05,7.94207858,6.10991797,5,5.8760519575557995
2.65621470e+10,6.60395196e-01,-4.24203952e-06,3.52620982,3.39368214,2.49841778,-1.36200489,8.72660431e-02,7.94244855,6.11060201,5,5.876143432125869
2.65621471e+10,6.59642281e-01,-9.81145935e-06,3.60435103,3.38212720,2.56059826,-1.36200483,2.06469173e-01,7.94284466,6.11133289,5,5.876234906695938
2.65621472e+10,6.58211762e-01,-1.44307740e-05,3.63740441,3.37835515,2.58466906,-1.36200462,2.97540130e-01,7.94329002,6.11215445,5,5.876326381266008
2.65621473e+10,6.56024454e-01,-1.68815467e-05,3.64463383,3.37803479,2.58892449,-1.36199948,3.43464822e-01,7.94381942,6.11313189,5,5.876417855836078
2.65621474e+10,6.54408030e-01,-1.67324209e-05,3.63683301,3.37919800,2.58269765,-1.36198728,3.39925138e-01,7.94417976,6.11379832,5,5.876509330406147
2.65621475e+10,6.53406123e-01,-1.60592836e-05,3.62888540,3.38029830,2.57652325,-1.36197924,3.26400927e-01,7.94440469,6.11421474,5,5.876600804976217
2.65621476e+10,6.52033666e-01,-1.38851912e-05,3.61279242,3.38240906,2.56425524,-1.36197058,2.83338800e-01,7.94473283,6.11482347,5,5.876692279546286
2.65621477e+10,6.50631954e-01,-1.07672465e-05,3.58877638,3.38563434,2.54579666,-1.36196412,2.20458626e-01,7.94510924,6.11552353,5,5.876783754116356
2.65621478e+10,6.49676099e-01,-8.44347125e-06,3.56513249,3.38902279,2.52719781,-1.36196167,1.72119591e-01,7.94540221,6.11607084,5,5.876875228686425
2.65621479e+10,6.48963217e-01,-6.62107701e-06,3.54170761,3.39250648,2.50851800,-1.36196007,1.33134966e-01,7.94563983,6.11651751,5,5.876966703256494
2.65621480e+10,6.48422874e-01,-5.19103124e-06,3.51856608,3.39610732,2.48974555,-1.36195938,1.01718875e-01,7.94582352,6.11686643,5,5.877058177826564
2.65621481e+10,6.48006848e-01,-4.06450800e-06,3.49541197,3.39970533,2.47097247,-1.36195889,7.70080146e-02,7.94594500,6.11710310,5,5.877149652396634
2.65621482e+10,6.47688546e-01,-3.18261496e-06,3.47242347,3.40336277,2.45216334,-1.36195871,5.75914470e-02,7.94597797,6.11717997,5,5.8772411269667035
2.65621483e+10,6.47386675e-01,-2.29418324e-06,3.44214700,3.40838513,2.42698038,-1.36195836,3.83510333e-02,7.94576031,6.11680979,5,5.877332601536772
2.65621484e+10,6.47218135e-01,-1.63918734e-06,3.41187294,3.41340352,2.40180658,-1.36195825,2.49738515e-02,7.94429570,6.11418899,5,5.877424076106842
2.65621485e+10,6.47115313e-01,-6.14090038e-07,3.31394174,3.42988435,2.31987933,-1.36195822,6.53556963e-03,7.93884343,6.10439863,5,5.877515550676912
2.65621486e+10,6.47083880e-01,-1.46612888e-07,3.17829963,3.45272484,2.20637728,-1.36195821,1.05856906e-03,7.93820609,6.10326969,5,5.877607025246982
2.65621487e+10,6.47075417e-01,-4.41252121e-08,3.06269022,3.47076871,2.11248485,-1.36195821,3.37873280e-04,7.93832646,6.10350411,5,5.8776984998170505
2.65621488e+10,6.47071582e-01,-5.24089095e-08,3.10920759,3.46366819,2.14994457,-1.36195821,3.71815121e-04,7.93854882,6.10391967,5,5.87778997438712
2.65621489e+10,6.47040507e-01,-8.16077767e-07,3.36714103,3.42115774,2.36393218,-1.36195820,1.05706231e-02,7.93884459,6.10446833,5,5.87788144895719
2.65621490e+10,6.46807830e-01,-3.78314944e-06,3.50391016,3.39873118,2.47716986,-1.36195791,7.18915335e-02,7.93919517,6.10511636,5,5.87797292352726
2.65621491e+10,6.46218192e-01,-6.99626399e-06,3.56688719,3.38965885,2.52680305,-1.36195781,1.40015234e-01,7.93957174,6.10581145,5,5.878064398097329
2.65621492e+10,6.45242742e-01,-1.04192467e-05,3.59946376,3.38563741,2.55113421,-1.36195781,2.07207483e-01,7.93996056,6.10652899,5,5.878155872667398
2.65621494e+10,6.42338547e-01,-1.30582580e-05,3.61305720,3.38475008,2.55970560,-1.36195781,2.54245956e-01,7.94078018,6.10804434,5,5.878338821807538
2.65621495e+10,6.41050657e-01,-1.24614974e-05,3.60540270,3.38597138,2.55343575,-1.36195781,2.42177024e-01,7.94109828,6.10863454,5,5.878430296377607
2.65621496e+10,6.40231998e-01,-1.16618760e-05,3.59747314,3.38708079,2.54725214,-1.36195781,2.26504914e-01,7.94129676,6.10900384,5,5.8785217709476765
2.65621497e+10,6.39095188e-01,-1.00578271e-05,3.58155132,3.38927128,2.53491024,-1.36195781,1.94844074e-01,7.94156616,6.10950766,5,5.878613245517746
2.65621498e+10,6.38270003e-01,-8.60050085e-06,3.56555667,3.39142912,2.52259724,-1.36195781,1.65830601e-01,7.94174758,6.10985035,5,5.878704720087816
2.65621499e+10,6.37373996e-01,-6.75948977e-06,3.54172233,3.39473634,2.50406564,-1.36195781,1.28520998e-01,7.94189233,6.11013233,5,5.878796194657885
2.65621500e+10,6.36937751e-01,-5.75299576e-06,3.52596977,3.39700236,2.49165731,-1.36195781,1.07638513e-01,7.94189859,6.11015648,5,5.878887669227955
2.65621501e+10,6.36453618e-01,-4.50770736e-06,3.50254388,3.40048718,2.47297473,-1.36195781,8.15081417e-02,7.94173488,6.10987923,5,5.878979143798024
2.65621502e+10,6.36063106e-01,-3.24772605e-06,3.47143709,3.40518591,2.44802387,-1.36195781,5.53339891e-02,7.94097124,6.10852322,5,5.879070618368093
2.65621503e+10,6.35808951e-01,-2.17126762e-06,3.42518430,3.41239872,2.41047187,-1.36195781,3.28840907e-02,7.93939716,6.10570831,5,5.879162092938163
2.65621504e+10,6.35658252e-01,-1.23254185e-06,3.37183400,3.42105833,2.36647749,-1.36195781,1.56474213e-02,7.93847926,6.10407360,5,5.879253567508233
2.65621505e+10,6.35564709e-01,-6.68744368e-07,3.31890474,3.42987738,2.32237475,-1.36195781,6.95524039e-03,7.93823130,6.10364582,5,5.879345042078302
2.65621506e+10,6.35501351e-01,-4.34603569e-07,3.28118453,3.43620571,2.29085800,-1.36195781,3.94161933e-03,7.93830613,6.10380119,5,5.879436516648372
2.65621507e+10,6.35467445e-01,-4.24838331e-07,3.28451315,3.43565945,2.29361484,-1.36195781,3.89811308e-03,7.93843512,6.10404682,5,5.879527991218441
2.65621508e+10,6.35421945e-01,-5.69209257e-07,3.32238092,3.42938216,2.32510329,-1.36195781,5.98667201e-03,7.93862026,6.10439514,5,5.879619465788511
2.65621509e+10,6.35336201e-01,-1.04985228e-06,3.38316370,3.41941242,2.37543416,-1.36195781,1.37484056e-02,7.93885784,6.10483960,5,5.8797109403585806
2.65621510e+10,6.35167344e-01,-1.89324814e-06,3.43666462,3.41081025,2.41938897,-1.36195781,2.93447372e-02,7.93913052,6.10534821,5,5.879802414928649
2.65621511e+10,6.34940816e-01,-2.62883366e-06,3.46760693,3.40604190,2.44439682,-1.36195781,4.39454526e-02,7.93938025,6.10581351,5,5.879893889498719
2.65621512e+10,6.34486591e-01,-3.49540949e-06,3.49119087,3.40262342,2.46302574,-1.36195781,6.11162909e-02,7.93974517,6.10649378,5,5.879985364068789
2.65621514e+10,6.33749257e-01,-4.09154375e-06,3.49846464,3.40164691,2.46861564,-1.36195781,7.21138673e-02,7.94020192,6.10734779,5,5.880168313208928
2.65621515e+10,6.33074394e-01,-3.97777018e-06,3.49084982,3.40288247,2.46233713,-1.36195781,6.90103746e-02,7.94055276,6.10800804,5,5.880259787778997
2.65621516e+10,6.32722257e-01,-3.73413360e-06,3.48309001,3.40406452,2.45609312,-1.36195781,6.37825839e-02,7.94071757,6.10832086,5,5.880351262349067
2.65621517e+10,6.32463099e-01,-3.47964537e-06,3.47529583,3.40523261,2.44985984,-1.36195781,5.85034570e-02,7.94082629,6.10852950,5,5.880442736919137
2.65621518e+10,6.32246932e-01,-3.22924517e-06,3.46751435,3.40640602,2.44362228,-1.36195781,5.33869186e-02,7.94090591,6.10868451,5,5.880534211489206
2.65621519e+10,6.31905066e-01,-2.77125849e-06,3.45206036,3.40879687,2.43111360,-1.36195781,4.41235498e-02,7.94099616,6.10886768,5,5.880625686059275
2.65621520e+10,6.31766133e-01,-2.56279288e-06,3.44435224,3.41000018,2.42485291,-1.36195781,3.99843145e-02,7.94101144,6.10890472,5,5.880717160629345
2.65621521e+10,6.31535273e-01,-2.18951397e-06,3.42901819,3.41243928,2.41230769,-1.36195781,3.26824949e-02,7.94098597,6.10887670,5,5.880808635199415
2.65621522e+10,6.31277239e-01,-1.72853717e-06,3.40615175,3.41614717,2.39345869,-1.36195781,2.39828456e-02,7.94081113,6.10858623,5,5.880900109769484
2.65621523e+10,6.31148164e-01,-1.47670439e-06,3.39092667,3.41862667,2.38088715,-1.36195781,1.94575415e-02,7.94061011,6.10823925,5,5.8809915843395535
2.65621524e+10,6.31044290e-01,-1.26260023e-06,3.37563158,3.42108010,2.36833273,-1.36195781,1.57940608e-02,7.94035964,6.10780239,5,5.881083058909623
2.65621525e+10,6.30920902e-01,-1.02732204e-06,3.35281579,3.42480729,2.34947047,-1.36195781,1.18528508e-02,7.93996680,6.10711534,5,5.881174533479693
2.65621526e+10,6.30813133e-01,-8.25625619e-07,3.33014891,3.42859412,2.33056336,-1.36195781,8.75482708e-03,7.93965339,6.10657248,5,5.881266008049762
2.65621527e+10,6.30737747e-01,-6.76753077e-07,3.31499042,3.43110105,2.31797027,-1.36195781,6.77475176e-03,7.93950527,6.10632370,5,5.881357482619832
2.65621528e+10,6.30683562e-01,-5.99929403e-07,3.30743624,3.43236388,2.31166751,-1.36195781,5.82708017e-03,7.93946104,6.10625948,5,5.881448957189901
2.65621530e+10,6.30568828e-01,-5.64839426e-07,3.30927979,3.43208207,2.31315290,-1.36195781,5.52440330e-03,7.93951948,6.10639964,5,5.88163190633004
2.65621531e+10,6.30521254e-01,-5.99343276e-07,3.31692764,3.43085570,2.31942957,-1.36195781,6.01595465e-03,7.93958465,6.10653075,5,5.88172338090011
2.65621532e+10,6.30444176e-01,-6.79930615e-07,3.33199854,3.42831672,2.33204298,-1.36195781,7.22526870e-03,7.93970655,6.10677016,5,5.8818148554701795
2.65621533e+10,6.30355671e-01,-7.79836287e-07,3.34728838,3.42586018,2.34460098,-1.36195781,8.74157739e-03,7.93984638,6.10704177,5,5.881906330040248
2.65621534e+10,6.30295293e-01,-8.44381749e-07,3.35494382,3.42463603,2.35087700,-1.36195781,9.73657063e-03,7.93993466,6.10721268,5,5.881997804610318
2.65621535e+10,6.30214396e-01,-9.21464358e-07,3.36257498,3.42340257,2.35715951,-1.36195781,1.09206107e-02,7.94004426,6.10742486,5,5.882089279180388
2.65621536e+10,6.30067564e-01,-1.02872411e-06,3.37021321,3.42217239,2.36343898,-1.36195781,1.25124466e-02,7.94021847,6.10776310,5,5.882180753750458
2.65621540e+10,6.29645523e-01,-1.12720620e-06,3.36749118,3.42264345,2.36113584,-1.36195781,1.35509402e-02,7.94057284,6.10846658,5,5.882546652030736
2.65621542e+10,6.29464406e-01,-1.08387974e-06,3.35986085,3.42387731,2.35485295,-1.36195781,1.26959348e-02,7.94066544,6.10866260,5,5.882729601170874
2.65621543e+10,6.29329189e-01,-1.02150033e-06,3.35224127,3.42511541,2.34856697,-1.36195781,1.16491388e-02,7.94070919,6.10876474,5,5.882821075740944
2.65621544e+10,6.29217168e-01,-9.54719901e-07,3.34462827,3.42635606,2.34227917,-1.36195781,1.05881264e-02,7.94072515,6.10881423,5,5.882912550311014
2.65621545e+10,6.29122140e-01,-8.86757292e-07,3.33700264,3.42759185,2.33599477,-1.36195781,9.58101587e-03,7.94071531,6.10881606,5,5.8830040248810835
2.65621546e+10,6.29033197e-01,-8.20209274e-07,3.32941940,3.42884348,2.32969989,-1.36195781,8.61444402e-03,7.94069566,6.10879997,5,5.883095499451152
2.65621547e+10,6.28952672e-01,-7.57340850e-07,3.32193880,3.43013348,2.32337958,-1.36195781,7.72385512e-03,7.94066193,6.10875832,5,5.883186974021222
2.65621549e+10,6.28873276e-01,-6.99875295e-07,3.31435560,3.43138519,2.31708458,-1.36195781,6.94796666e-03,7.94061727,6.10869853,5,5.883369923161361
2.65621550e+10,6.28792622e-01,-6.45430228e-07,3.30677356,3.43263723,2.31078947,-1.36195781,6.23110702e-03,7.94056774,6.10863158,5,5.8834613977314305
2.65621551e+10,6.28706022e-01,-5.95097379e-07,3.29932420,3.43393848,2.30446230,-1.36195781,5.58319277e-03,7.94051435,6.10856157,5,5.8835528723015
2.65621553e+10,6.28591177e-01,-5.39469265e-07,3.29180207,3.43521315,2.29815189,-1.36195781,4.92331962e-03,7.94046639,6.10851315,5,5.883735821441639
2.65621558e+10,6.28356057e-01,-4.67706631e-07,3.28429930,3.43649489,2.29183702,-1.36195781,4.14784328e-03,7.94046606,6.10859841,5,5.884193194291987
2.65621569e+10,6.27886874e-01,-4.38744789e-07,3.27681978,3.43778204,2.28552297,-1.36195781,3.79049554e-03,7.94068969,6.10918529,5,5.885199414562751
2.65621573e+10,6.27694470e-01,-4.19951762e-07,3.26927609,3.43904861,2.27921798,-1.36195781,3.54263668e-03,7.94077059,6.10941152,5,5.885565312843029
2.65621578e+10,6.27535656e-01,-3.97220703e-07,3.26171058,3.44030723,2.27291798,-1.36195781,3.27321585e-03,7.94082431,6.10957978,5,5.886022685693377
2.65621582e+10,6.27385914e-01,-3.72543285e-07,3.25414152,3.44156452,2.26661887,-1.36195781,2.99820656e-03,7.94087047,6.10973455,5,5.886388583973655
2.65621586e+10,6.27239680e-01,-3.45883688e-07,3.24656472,3.44281890,2.26032171,-1.36195781,2.72524377e-03,7.94091445,6.10988961,5,5.8867544822539335
2.65621591e+10,6.27093452e-01,-3.19986766e-07,3.23905164,3.44409690,2.25400917,-1.36195781,2.47101187e-03,7.94096457,6.11006318,5,5.887211855104281
2.65621596e+10,6.26947428e-01,-2.95439856e-07,3.23153891,3.44537505,2.24769651,-1.36195781,2.23617750e-03,7.94101970,6.11025093,5,5.887669227954628
2.65621601e+10,6.26801893e-01,-2.73588795e-07,3.22398162,3.44663672,2.24139453,-1.36195781,2.03454155e-03,7.94108246,6.11045951,5,5.888126600804976
2.65621607e+10,6.26663346e-01,-2.54092915e-07,3.21644775,3.44790709,2.23508686,-1.36195781,1.86006888e-03,7.94115001,6.11068126,5,5.888675448225394
2.65621612e+10,6.26528816e-01,-2.35632887e-07,3.20890690,3.44917482,2.22878095,-1.36195781,1.69827942e-03,7.94121952,6.11090867,5,5.889132821075741
2.65621618e+10,6.26402050e-01,-2.18685775e-07,3.20132110,3.45042573,2.22248625,-1.36195781,1.55649442e-03,7.94129156,6.11114406,5,5.889681668496158
2.65621625e+10,6.26281696e-01,-2.02801343e-07,3.19375506,3.45168406,2.21618656,-1.36195781,1.42679143e-03,7.94136472,6.11138456,5,5.890321990486645
2.65621631e+10,6.26165752e-01,-1.87648034e-07,3.18620262,3.45294751,2.20988344,-1.36195781,1.30540088e-03,7.94143864,6.11162856,5,5.890870837907062
2.65621637e+10,6.26058513e-01,-1.74022608e-07,3.17868638,3.45422436,2.20357162,-1.36195781,1.20014498e-03,7.94151491,6.11188180,5,5.891419685327479
2.65621644e+10,6.25953471e-01,-1.60775674e-07,3.17115033,3.45549373,2.19726485,-1.36195781,1.09930180e-03,7.94159235,6.11213949,5,5.892060007317966
2.65621651e+10,6.25853576e-01,-1.48405422e-07,3.16352651,3.45673007,2.19098027,-1.36195781,1.00928512e-03,7.94167341,6.11241062,5,5.892700329308452
2.65621658e+10,6.25757544e-01,-1.36897673e-07,3.15591371,3.45797062,2.18469277,-1.36195781,9.26951054e-04,7.94175676,6.11269040,5,5.893340651298939
2.65621666e+10,6.25664471e-01,-1.26050374e-07,3.14830933,3.45921439,2.17840303,-1.36195781,8.50499864e-04,7.94184187,6.11297682,5,5.894072447859495
2.65621673e+10,6.25577049e-01,-1.16542950e-07,3.14073172,3.46046832,2.17210638,-1.36195781,7.85393298e-04,7.94193152,6.11327995,5,5.894712769849981
2.65621681e+10,6.25491162e-01,-1.07465956e-07,3.13312149,3.46170967,2.16581857,-1.36195781,7.24125858e-04,7.94202382,6.11359316,5,5.8954445664105375
2.65621690e+10,6.25407375e-01,-9.89942076e-08,3.12545734,3.46293024,2.15954534,-1.36195781,6.68294727e-04,7.94212005,6.11392145,5,5.8962678375411635
2.65621699e+10,6.25326174e-01,-9.14923743e-08,3.11778941,3.46414929,2.15327327,-1.36195781,6.19948949e-04,7.94222251,6.11427308,5,5.897091108671789
2.65621709e+10,6.25245622e-01,-8.43284329e-08,3.11011170,3.46536445,2.14700410,-1.36195781,5.74845930e-04,7.94232964,6.11464226,5,5.898005854372484
2.65621719e+10,6.25165507e-01,-7.75093999e-08,3.10241641,3.46657261,2.14074014,-1.36195781,5.33624261e-04,7.94244381,6.11503786,5,5.89892060007318
2.65621732e+10,6.25081741e-01,-7.09949863e-08,3.09470799,3.46777540,2.13448035,-1.36195781,4.94924660e-04,7.94257568,6.11549663,5,5.900109769484083
2.65621746e+10,6.24988243e-01,-6.46386716e-08,3.08698381,3.46897162,2.12822582,-1.36195781,4.57159999e-04,7.94273448,6.11605059,5,5.901390413465057
2.65621767e+10,6.24864755e-01,-5.81554774e-08,3.07935791,3.47020505,2.12194601,-1.36195781,4.17859591e-04,7.94296443,6.11685338,5,5.903311379436516
2.65621823e+10,6.24564263e-01,-5.27759193e-08,3.08010346,3.47018294,2.12236299,-1.36195781,3.78437984e-04,7.94359036,6.11902649,5,5.90843395536041
2.65621848e+10,6.24430487e-01,-5.49792304e-08,3.08796641,3.46904615,2.12856805,-1.36195781,3.87616469e-04,7.94387010,6.11998757,5,5.9107208196121475
2.65621866e+10,6.24323827e-01,-5.81996376e-08,3.09580241,3.46789679,2.13478477,-1.36195781,4.04103939e-04,7.94408303,6.12071570,5,5.912367361873399
2.65621881e+10,6.24225640e-01,-6.22888034e-08,3.10355853,3.46671375,2.14102892,-1.36195781,4.26878623e-04,7.94426202,6.12132749,5,5.913739480424442
2.65621896e+10,6.24127381e-01,-6.67583295e-08,3.11131352,3.46553012,2.14727367,-1.36195781,4.52828952e-04,7.94443274,6.12191076,5,5.915111598975485
2.65621909e+10,6.24027598e-01,-7.18347076e-08,3.11907935,3.46435084,2.15351515,-1.36195781,4.84003803e-04,7.94459270,6.12245691,5,5.916300768386389
2.65621922e+10,6.23922829e-01,-8.10442639e-08,3.12676443,3.46313933,2.15978071,-1.36195781,5.43661562e-04,7.94474781,6.12298631,5,5.917489937797292
2.65621935e+10,6.23810185e-01,-8.90545267e-08,3.13446339,3.46193312,2.16604260,-1.36195781,5.95467326e-04,7.94489834,6.12349982,5,5.918679107208196
2.65621947e+10,6.23690894e-01,-9.51437266e-08,3.14218638,3.46073630,2.17229773,-1.36195781,6.36408050e-04,7.94504637,6.12400569,5,5.9197768020490305
2.65621960e+10,6.23565648e-01,-1.02579763e-07,3.14989597,3.45953407,2.17855699,-1.36195781,6.87725558e-04,7.94519263,6.12450647,5,5.920965971459934
2.65621972e+10,6.23425402e-01,-1.14894412e-07,3.15758673,3.45832437,2.18482179,-1.36195781,7.68605345e-04,7.94533821,6.12500621,5,5.922063666300769
2.65621984e+10,6.23275529e-01,-1.22857999e-07,3.16523641,3.45709845,2.19109845,-1.36195781,8.23889585e-04,7.94548239,6.12550301,5,5.923161361141602
2.65621996e+10,6.23115247e-01,-1.32181387e-07,3.17287216,3.45586714,2.19737895,-1.36195781,8.91351654e-04,7.94562590,6.12599955,5,5.924259055982437
2.65622008e+10,6.22932123e-01,-1.47616160e-07,3.18055151,3.45465293,2.20364706,-1.36195781,1.00100550e-03,7.94577185,6.12650625,5,5.925356750823271
2.65622021e+10,6.22732811e-01,-1.58036466e-07,3.18821542,3.45343261,2.20991965,-1.36195781,1.08222646e-03,7.94591780,6.12701770,5,5.926545920234175
2.65622034e+10,6.22515314e-01,-1.75418144e-07,3.19582834,3.45219278,2.21620576,-1.36195781,1.20994204e-03,7.94606426,6.12753382,5,5.927735089645079
2.65622047e+10,6.22265570e-01,-1.88676108e-07,3.20354224,3.45099248,2.22246331,-1.36195781,1.31663505e-03,7.94621496,6.12806949,5,5.928924259055982
2.65622061e+10,6.21994240e-01,-2.08132082e-07,3.21114181,3.44974912,2.22874982,-1.36195781,1.46559538e-03,7.94636523,6.12860768,5,5.930204903036955
2.65622075e+10,6.21682402e-01,-2.23730572e-07,3.21882258,3.44853716,2.23501412,-1.36195781,1.59593225e-03,7.94652005,6.12916807,5,5.931485547017929
2.65622089e+10,6.21344830e-01,-2.39462789e-07,3.22641892,3.44729279,2.24130104,-1.36195781,1.73191898e-03,7.94667360,6.12973008,5,5.932766190998902
2.65622104e+10,6.20947277e-01,-2.65376051e-07,3.23414460,3.44609763,2.24755418,-1.36195781,1.94983446e-03,7.94683555,6.13032924,5,5.934138309549946
2.65622120e+10,6.20489660e-01,-2.92044678e-07,3.24200010,3.44496228,2.25375263,-1.36195781,2.16718305e-03,7.94700297,6.13095794,5,5.935601902671057
2.65622137e+10,6.19969665e-01,-3.15019449e-07,3.24970464,3.44376069,2.26000808,-1.36195781,2.37895668e-03,7.94717296,6.13160638,5,5.937156970362239
2.65622155e+10,6.19360556e-01,-3.44583570e-07,3.25747801,3.44259565,2.26622486,-1.36195781,2.64348739e-03,7.94735009,6.13229453,5,5.93880351262349
2.65622175e+10,6.18641187e-01,-3.80704935e-07,3.26532425,3.44146322,2.27241283,-1.36195781,2.96857862e-03,7.94753474,6.13302809,5,5.940633004024881
2.65622196e+10,6.17804422e-01,-4.14890622e-07,3.27325255,3.44037110,2.27856124,-1.36195781,3.28375994e-03,7.94772345,6.13379798,5,5.942553969996341
2.65622218e+10,6.16837550e-01,-4.50886515e-07,3.28107357,3.43922875,2.28475644,-1.36195781,3.64104972e-03,7.94791413,6.13459881,5,5.94456641053787
2.65622241e+10,6.15732012e-01,-4.90345512e-07,3.28898619,3.43819404,2.29078217,-1.36195781,4.01308436e-03,7.94810341,6.13542179,5,5.946670325649469
2.65622267e+10,6.14420267e-01,-5.38229780e-07,3.29690673,3.43711087,2.29690877,-1.36195776,4.47995580e-03,7.94829713,6.13629611,5,5.9490486644712774
2.65622294e+10,6.12882076e-01,-5.95935480e-07,3.30492178,3.43608039,2.30297726,-1.36195761,5.03404046e-03,7.94848948,6.13720884,5,5.951518477863154
2.65622324e+10,6.10991616e-01,-6.51801602e-07,3.31311200,3.43521513,2.30880289,-1.36195748,5.55245056e-03,7.94868665,6.13820151,5,5.95426271496524
2.65622355e+10,6.08847984e-01,-7.12838278e-07,3.32133422,3.43439128,2.31456171,-1.36195743,6.12007601e-03,7.94886845,6.13919255,5,5.957098426637395
2.65622392e+10,6.06057600e-01,-7.87551547e-07,3.32963504,3.43381304,2.31986859,-1.36195731,6.75800179e-03,7.94905379,6.14031393,5,5.960482985729967
2.65622437e+10,6.02304995e-01,-8.71592587e-07,3.33800874,3.43353733,2.32460686,-1.36195717,7.37763552e-03,7.94923030,6.14159513,5,5.964599341383096
2.65622494e+10,5.97053102e-01,-9.65555174e-07,3.34510242,3.43406251,2.32710335,-1.36195699,7.83934695e-03,7.94936299,6.14305949,5,5.969813391877058
2.65622555e+10,5.90990099e-01,-1.02773807e-06,3.34922982,3.43571885,2.32585436,-1.36195687,7.76761593e-03,7.94935723,6.14436043,5,5.975393340651299
2.65622601e+10,5.86184254e-01,-1.03662262e-06,3.34808713,3.43786020,2.32100031,-1.36195678,7.26356422e-03,7.94921954,6.14512009,5,5.979601170874497
2.65622633e+10,5.82878898e-01,-1.01468665e-06,3.34466277,3.43984326,2.31532201,-1.36195672,6.69113057e-03,7.94903175,6.14548049,5,5.982528357116721
2.65622658e+10,5.80373457e-01,-9.76607721e-07,3.33994245,3.44170714,2.30923409,-1.36195669,6.12924050e-03,7.94882159,6.14564804,5,5.98481522136846
2.65622679e+10,5.78437992e-01,-9.27522121e-07,3.33440049,3.44346861,2.30294018,-1.36195667,5.58978689e-03,7.94860566,6.14570007,5,5.986736187339919
2.65622697e+10,5.76800490e-01,-8.77925203e-07,3.32839399,3.44515961,2.29655492,-1.36195665,5.10624393e-03,7.94837353,6.14567472,5,5.988382729601171
2.65622713e+10,5.75425900e-01,-8.26694403e-07,3.32210460,3.44677463,2.29018019,-1.36195664,4.65536166e-03,7.94813836,6.14559757,5,5.989846322722284
2.65622728e+10,5.74221581e-01,-7.80425312e-07,3.31569352,3.44837132,2.28378128,-1.36195664,4.28831447e-03,7.94790078,6.14549333,5,5.991218441273326
2.65622743e+10,5.73094018e-01,-7.28863687e-07,3.30914785,3.44993877,2.27737353,-1.36195663,3.91134116e-03,7.94765828,6.14537834,5,5.992590559824369
2.65622759e+10,5.71975888e-01,-6.83681905e-07,3.30270054,3.45153191,2.27096361,-1.36195663,3.58661679e-03,7.94741555,6.14528100,5,5.994054152945481
2.65622781e+10,5.70567229e-01,-6.42577721e-07,3.29660315,3.45320943,2.26455986,-1.36195663,3.29932639e-03,7.94714654,6.14524574,5,5.9960665934870105
2.65622824e+10,5.67809285e-01,-6.46798501e-07,3.29805644,3.45488153,2.26194232,-1.36195661,3.19849960e-03,7.94694763,6.14581400,6,6.0
